#     BLOCK:  ACTUAL_PE:     PE_AVE:      ERROR:
	1	-7.5747	-7.5747	0
	2	-7.60579	-7.59025	0.0109908
	3	-7.51565	-7.56538	0.0215843
	4	-7.53877	-7.55873	0.0171829
	5	-7.5094	-7.54886	0.0163346
	6	-7.59073	-7.55584	0.0150286
	7	-7.53386	-7.5527	0.0132057
	8	-7.43174	-7.53758	0.0182636
	9	-7.51653	-7.53524	0.0163835
	10	-7.50965	-7.53268	0.0149437
	11	-7.52716	-7.53218	0.0135936
	12	-7.54441	-7.5332	0.012499
	13	-7.54361	-7.534	0.0115631
	14	-7.56797	-7.53643	0.0109888
	15	-7.48199	-7.5328	0.0108389
	16	-7.57073	-7.53517	0.0104175
	17	-7.56773	-7.53708	0.00997931
	18	-7.56149	-7.53844	0.00951657
	19	-7.57643	-7.54044	0.00922332
	20	-7.53294	-7.54006	0.00876978
	21	-7.61017	-7.5434	0.00896506
	22	-7.54983	-7.54369	0.00856232
	23	-7.57266	-7.54495	0.00828215
	24	-7.60784	-7.54757	0.00834125
	25	-7.58354	-7.54901	0.00813069
	26	-7.62165	-7.55181	0.00828411
	27	-7.59668	-7.55347	0.00814229
	28	-7.61455	-7.55565	0.00813845
	29	-7.5065	-7.55395	0.00803232
	30	-7.52006	-7.55282	0.00784361
	31	-7.45943	-7.54981	0.00814865
	32	-7.53696	-7.54941	0.0079039
	33	-7.55721	-7.54965	0.00766792
	34	-7.48994	-7.54789	0.00764083
	35	-7.59793	-7.54932	0.00755511
	36	-7.59008	-7.55045	0.00742958
	37	-7.53785	-7.55011	0.00723659
	38	-7.6212	-7.55198	0.00728392
	39	-7.56513	-7.55232	0.00710495
	40	-7.58679	-7.55318	0.0069794
	41	-7.50363	-7.55197	0.00691301
	42	-7.54524	-7.55181	0.00675027
	43	-7.52694	-7.55123	0.00661803
	44	-7.49976	-7.55006	0.00657019
	45	-7.48009	-7.54851	0.00660563
	46	-7.49138	-7.54727	0.00657776
	47	-7.5121	-7.54652	0.00648023
	48	-7.56895	-7.54699	0.00636206
	49	-7.60418	-7.54815	0.00633837
	50	-7.5984	-7.54916	0.00629077
	51	-7.54059	-7.54899	0.00616966
	52	-7.49991	-7.54805	0.00612278
	53	-7.44404	-7.54608	0.00631392
	54	-7.59993	-7.54708	0.00627525
	55	-7.58222	-7.54772	0.0061936
	56	-7.60557	-7.54875	0.00616855
	57	-7.60296	-7.5497	0.0061332
	58	-7.58166	-7.55026	0.00605216
	59	-7.54034	-7.55009	0.00595191
	60	-7.56671	-7.55036	0.00585916
	61	-7.4669	-7.549	0.00592071
	62	-7.56896	-7.54932	0.00583397
	63	-7.4963	-7.54848	0.00580175
	64	-7.58322	-7.54902	0.00573644
	65	-7.60111	-7.54982	0.0057039
	66	-7.55295	-7.54987	0.00561768
	67	-7.55476	-7.54994	0.00553431
	68	-7.57142	-7.55026	0.00546193
	69	-7.54141	-7.55013	0.00538428
	70	-7.60906	-7.55097	0.00537277
	71	-7.44495	-7.54948	0.00550069
	72	-7.54086	-7.54936	0.0054256
	73	-7.52995	-7.54909	0.00535779
	74	-7.48434	-7.54822	0.00535635
	75	-7.55019	-7.54824	0.005285
	76	-7.56113	-7.54841	0.00521818
	77	-7.59376	-7.549	0.00518354
	78	-7.57749	-7.54937	0.00512993
	79	-7.57933	-7.54975	0.005079
	80	-7.61398	-7.55055	0.00507858
	81	-7.56619	-7.55074	0.00501955
	82	-7.53802	-7.55059	0.00496073
	83	-7.60145	-7.5512	0.00493866
	84	-7.54247	-7.5511	0.00488096
	85	-7.52937	-7.55084	0.00483023
	86	-7.51143	-7.55038	0.00479575
	87	-7.50668	-7.54988	0.00476686
	88	-7.52091	-7.54955	0.00472405
	89	-7.49939	-7.54899	0.00470448
	90	-7.48387	-7.54826	0.00470751
	91	-7.63773	-7.54925	0.00475733
	92	-7.55218	-7.54928	0.00470572
	93	-7.56211	-7.54942	0.00465715
	94	-7.50196	-7.54891	0.00463489
	95	-7.4232	-7.54759	0.00477127
	96	-7.56611	-7.54778	0.00472547
	97	-7.46865	-7.54697	0.00474666
	98	-7.44698	-7.54595	0.00480662
	99	-7.55759	-7.54606	0.0047595
	100	-7.52099	-7.54581	0.00471851
	101	-7.46574	-7.54502	0.00473792
	102	-7.57378	-7.5453	0.00469985
	103	-7.60306	-7.54586	0.00468756
	104	-7.49243	-7.54535	0.00467056
	105	-7.57692	-7.54565	0.00463575
	106	-7.51135	-7.54533	0.00460329
	107	-7.51002	-7.545	0.00457208
	108	-7.50923	-7.54466	0.00454172
	109	-7.48935	-7.54416	0.00452832
	110	-7.52706	-7.544	0.00448982
	111	-7.56004	-7.54415	0.0044517
	112	-7.60756	-7.54471	0.00444781
	113	-7.47101	-7.54406	0.00445602
	114	-7.57772	-7.54436	0.0044267
	115	-7.55549	-7.54445	0.00438927
	116	-7.60891	-7.54501	0.00438646
	117	-7.53774	-7.54495	0.00434941
	118	-7.56623	-7.54513	0.00431629
	119	-7.53234	-7.54502	0.00428135
	120	-7.60906	-7.54555	0.00427881
	121	-7.48353	-7.54504	0.00427404
	122	-7.54516	-7.54504	0.00423901
	123	-7.59221	-7.54542	0.00422186
	124	-7.56789	-7.54561	0.00419169
	125	-7.57455	-7.54584	0.00416455
	126	-7.62504	-7.54647	0.00417867
	127	-7.53901	-7.54641	0.00414618
	128	-7.55358	-7.54646	0.00411417
	129	-7.52258	-7.54628	0.00408644
	130	-7.50837	-7.54599	0.00406539
	131	-7.5233	-7.54581	0.00403805
	132	-7.60891	-7.54629	0.00403565
	133	-7.58845	-7.54661	0.00401773
	134	-7.5538	-7.54666	0.00398811
	135	-7.5164	-7.54644	0.00396486
	136	-7.47346	-7.5459	0.00397185
	137	-7.39028	-7.54476	0.00410207
	138	-7.47719	-7.54428	0.00410146
	139	-7.46879	-7.54373	0.00410775
	140	-7.46805	-7.54319	0.00411382
	141	-7.5353	-7.54314	0.00408503
	142	-7.49512	-7.5428	0.00407023
	143	-7.55726	-7.5429	0.00404302
	144	-7.50594	-7.54264	0.00402308
	145	-7.53189	-7.54257	0.00399602
	146	-7.57762	-7.54281	0.00397585
	147	-7.51866	-7.54264	0.0039522
	148	-7.53896	-7.54262	0.00392557
	149	-7.54269	-7.54262	0.00389922
	150	-7.54174	-7.54261	0.00387323
	151	-7.53066	-7.54253	0.00384839
	152	-7.55945	-7.54265	0.00382468
	153	-7.60798	-7.54307	0.00382345
	154	-7.55225	-7.54313	0.00379909
	155	-7.5107	-7.54292	0.00378033
	156	-7.54392	-7.54293	0.00375611
	157	-7.60368	-7.54332	0.00375206
	158	-7.6097	-7.54374	0.00375176
	159	-7.59938	-7.54409	0.00374445
	160	-7.46915	-7.54362	0.00375022
	161	-7.55083	-7.54366	0.00372719
	162	-7.53608	-7.54362	0.00370448
	163	-7.58732	-7.54388	0.00369144
	164	-7.61207	-7.5443	0.00369227
	165	-7.52851	-7.5442	0.00367114
	166	-7.59111	-7.54449	0.00365988
	167	-7.60011	-7.54482	0.00365308
	168	-7.51929	-7.54467	0.0036345
	169	-7.46701	-7.54421	0.00364193
	170	-7.53012	-7.54413	0.00362145
	171	-7.59718	-7.54444	0.00361353
	172	-7.63086	-7.54494	0.00362729
	173	-7.48927	-7.54462	0.00362057
	174	-7.60179	-7.54495	0.00361464
	175	-7.6047	-7.54529	0.00361008
	176	-7.60035	-7.5456	0.0036031
	177	-7.51304	-7.54542	0.00358744
	178	-7.52404	-7.5453	0.00356929
	179	-7.5851	-7.54552	0.00355627
	180	-7.5109	-7.54533	0.00354171
	181	-7.48244	-7.54498	0.00353914
	182	-7.50453	-7.54476	0.00352667
	183	-7.59122	-7.54501	0.00351653
	184	-7.59288	-7.54527	0.00350703
	185	-7.58016	-7.54546	0.00349314
	186	-7.59731	-7.54574	0.00348546
	187	-7.68807	-7.5465	0.00354895
	188	-7.59205	-7.54674	0.00353834
	189	-7.5415	-7.54671	0.00351972
	190	-7.48399	-7.54638	0.00351665
	191	-7.57189	-7.54652	0.00350077
	192	-7.52752	-7.54642	0.00348393
	193	-7.56618	-7.54652	0.00346739
	194	-7.59185	-7.54675	0.00345738
	195	-7.54349	-7.54674	0.00343969
	196	-7.52224	-7.54661	0.00342441
	197	-7.62652	-7.54702	0.00343097
	198	-7.53804	-7.54697	0.00341394
	199	-7.58263	-7.54715	0.00340148
	200	-7.60064	-7.54742	0.00339498
