#     BLOCK:   ACTUAL_P:     P_AVE:       ERROR:
	1	-4.20411	-4.20411	0
	2	-4.20549	-4.2048	0.000488556
	3	-4.20099	-4.20353	0.00108732
	4	-4.20208	-4.20317	0.000873661
	5	-4.20044	-4.20262	0.000852814
	6	-4.20489	-4.203	0.000790038
	7	-4.20193	-4.20285	0.000691904
	8	-4.19675	-4.20209	0.000935328
	9	-4.20099	-4.20196	0.000839282
	10	-4.20042	-4.20181	0.000769379
	11	-4.20154	-4.20179	0.000699812
	12	-4.20241	-4.20184	0.000643431
	13	-4.2024	-4.20188	0.000595394
	14	-4.20355	-4.202	0.000564719
	15	-4.19908	-4.20181	0.000559723
	16	-4.20369	-4.20192	0.000537005
	17	-4.20361	-4.20202	0.000514513
	18	-4.20319	-4.20209	0.000490032
	19	-4.20386	-4.20218	0.000473076
	20	-4.2017	-4.20216	0.000450022
	21	-4.20591	-4.20234	0.000462789
	22	-4.20273	-4.20235	0.000442107
	23	-4.2039	-4.20242	0.000427976
	24	-4.20568	-4.20256	0.000431126
	25	-4.2043	-4.20263	0.000419468
	26	-4.20621	-4.20276	0.000425353
	27	-4.20513	-4.20285	0.000418488
	28	-4.206	-4.20296	0.000418361
	29	-4.20028	-4.20287	0.000414047
	30	-4.20102	-4.20281	0.000404811
	31	-4.19824	-4.20266	0.000417781
	32	-4.20194	-4.20264	0.000405335
	33	-4.20293	-4.20265	0.000393147
	34	-4.19951	-4.20256	0.000392271
	35	-4.20512	-4.20263	0.000387816
	36	-4.20468	-4.20269	0.000381188
	37	-4.20192	-4.20267	0.000371447
	38	-4.20631	-4.20276	0.00037385
	39	-4.20348	-4.20278	0.000364715
	40	-4.2044	-4.20282	0.000357826
	41	-4.20041	-4.20276	0.000353886
	42	-4.20239	-4.20275	0.00034557
	43	-4.20136	-4.20272	0.000339039
	44	-4.20015	-4.20266	0.000336336
	45	-4.19902	-4.20258	0.000338469
	46	-4.19968	-4.20252	0.000336926
	47	-4.20075	-4.20248	0.000331847
	48	-4.20372	-4.20251	0.000325938
	49	-4.20532	-4.20256	0.000324309
	50	-4.20505	-4.20261	0.000321608
	51	-4.20226	-4.20261	0.000315378
	52	-4.20025	-4.20256	0.000312551
	53	-4.19722	-4.20246	0.000322464
	54	-4.20534	-4.20251	0.000320883
	55	-4.20427	-4.20255	0.000316627
	56	-4.20545	-4.2026	0.000315186
	57	-4.20532	-4.20265	0.000313245
	58	-4.20445	-4.20268	0.000309394
	59	-4.2022	-4.20267	0.000304256
	60	-4.20332	-4.20268	0.000299381
	61	-4.1982	-4.20261	0.000303332
	62	-4.20385	-4.20263	0.000299102
	63	-4.1999	-4.20258	0.000297469
	64	-4.20436	-4.20261	0.000294112
	65	-4.20518	-4.20265	0.000292233
	66	-4.203	-4.20266	0.000287855
	67	-4.20285	-4.20266	0.000283574
	68	-4.20361	-4.20267	0.000279746
	69	-4.20228	-4.20267	0.000275749
	70	-4.20592	-4.20271	0.000275706
	71	-4.19731	-4.20264	0.000282143
	72	-4.20223	-4.20263	0.00027828
	73	-4.2017	-4.20262	0.000274758
	74	-4.19949	-4.20258	0.000274276
	75	-4.2026	-4.20258	0.000270619
	76	-4.20321	-4.20259	0.000267188
	77	-4.20484	-4.20261	0.000265312
	78	-4.20399	-4.20263	0.000262497
	79	-4.20422	-4.20265	0.000259943
	80	-4.20577	-4.20269	0.000259591
	81	-4.20338	-4.2027	0.000256523
	82	-4.20209	-4.20269	0.000253504
	83	-4.20528	-4.20272	0.00025236
	84	-4.20214	-4.20272	0.000249452
	85	-4.20157	-4.2027	0.00024688
	86	-4.20078	-4.20268	0.000245016
	87	-4.20061	-4.20266	0.000243353
	88	-4.20118	-4.20264	0.000241162
	89	-4.1997	-4.20261	0.000240706
	90	-4.19914	-4.20257	0.000241102
	91	-4.20702	-4.20262	0.000243373
	92	-4.20275	-4.20262	0.000240732
	93	-4.20334	-4.20263	0.000238268
	94	-4.20028	-4.2026	0.000237036
	95	-4.19602	-4.20253	0.00024446
	96	-4.20363	-4.20254	0.000242183
	97	-4.19844	-4.2025	0.000243359
	98	-4.19739	-4.20245	0.000246408
	99	-4.20301	-4.20245	0.000243985
	100	-4.20105	-4.20244	0.00024195
	101	-4.19841	-4.2024	0.000242828
	102	-4.20399	-4.20242	0.000240944
	103	-4.20544	-4.20245	0.000240383
	104	-4.19997	-4.20242	0.000239248
	105	-4.20398	-4.20244	0.000237431
	106	-4.20084	-4.20242	0.000235667
	107	-4.20038	-4.2024	0.00023424
	108	-4.2006	-4.20239	0.000232665
	109	-4.19955	-4.20236	0.000231982
	110	-4.20152	-4.20235	0.000229998
	111	-4.20297	-4.20236	0.000227993
	112	-4.2056	-4.20239	0.000227784
	113	-4.19865	-4.20235	0.000228154
	114	-4.20409	-4.20237	0.000226659
	115	-4.20296	-4.20237	0.000224746
	116	-4.20573	-4.2024	0.000224662
	117	-4.20216	-4.2024	0.000222751
	118	-4.20353	-4.20241	0.00022107
	119	-4.20188	-4.20241	0.000219257
	120	-4.20557	-4.20243	0.000219007
	121	-4.1994	-4.20241	0.000218627
	122	-4.2027	-4.20241	0.000216848
	123	-4.20476	-4.20243	0.000215923
	124	-4.20347	-4.20244	0.000214346
	125	-4.20405	-4.20245	0.000213016
	126	-4.20663	-4.20248	0.000213892
	127	-4.20219	-4.20248	0.00021222
	128	-4.20261	-4.20248	0.000210564
	129	-4.20108	-4.20247	0.000209213
	130	-4.20039	-4.20246	0.000208212
	131	-4.2014	-4.20245	0.000206778
	132	-4.20562	-4.20247	0.0002066
	133	-4.20473	-4.20249	0.000205741
	134	-4.20286	-4.20249	0.000204225
	135	-4.20107	-4.20248	0.000202984
	136	-4.1988	-4.20245	0.000203284
	137	-4.19442	-4.20239	0.000210087
	138	-4.19893	-4.20237	0.000210063
	139	-4.19855	-4.20234	0.000210341
	140	-4.19853	-4.20231	0.000210597
	141	-4.20197	-4.20231	0.000209118
	142	-4.20002	-4.2023	0.00020827
	143	-4.20316	-4.2023	0.0002069
	144	-4.20044	-4.20229	0.000205869
	145	-4.20185	-4.20229	0.000204471
	146	-4.20416	-4.2023	0.000203475
	147	-4.20117	-4.20229	0.000202235
	148	-4.20207	-4.20229	0.000200874
	149	-4.20241	-4.20229	0.000199527
	150	-4.20229	-4.20229	0.000198197
	151	-4.20163	-4.20229	0.000196934
	152	-4.20309	-4.20229	0.000195709
	153	-4.20552	-4.20231	0.000195562
	154	-4.20281	-4.20232	0.000194319
	155	-4.20067	-4.20231	0.000193354
	156	-4.20237	-4.20231	0.000192115
	157	-4.20555	-4.20233	0.000191998
	158	-4.20549	-4.20235	0.000191822
	159	-4.20533	-4.20237	0.000191534
	160	-4.19854	-4.20234	0.000191826
	161	-4.20264	-4.20234	0.000190644
	162	-4.20188	-4.20234	0.000189488
	163	-4.20442	-4.20235	0.000188755
	164	-4.20567	-4.20237	0.000188685
	165	-4.20167	-4.20237	0.000187589
	166	-4.20473	-4.20238	0.000186997
	167	-4.20535	-4.2024	0.000186717
	168	-4.20116	-4.20239	0.000185753
	169	-4.19835	-4.20237	0.000186184
	170	-4.2018	-4.20237	0.00018512
	171	-4.20529	-4.20238	0.000184828
	172	-4.20677	-4.20241	0.000185508
	173	-4.19975	-4.20239	0.000185073
	174	-4.20527	-4.20241	0.000184746
	175	-4.20533	-4.20243	0.00018444
	176	-4.20519	-4.20244	0.000184058
	177	-4.20078	-4.20243	0.000183257
	178	-4.20135	-4.20243	0.000182329
	179	-4.20433	-4.20244	0.000181621
	180	-4.20081	-4.20243	0.000180837
	181	-4.19932	-4.20241	0.000180654
	182	-4.20053	-4.2024	0.000179958
	183	-4.20487	-4.20241	0.000179481
	184	-4.20487	-4.20243	0.000179002
	185	-4.20412	-4.20244	0.000178267
	186	-4.20511	-4.20245	0.000177885
	187	-4.20969	-4.20249	0.000181092
	188	-4.20474	-4.2025	0.000180524
	189	-4.20224	-4.2025	0.000179574
	190	-4.19934	-4.20248	0.0001794
	191	-4.2038	-4.20249	0.000178593
	192	-4.2017	-4.20249	0.000177711
	193	-4.20373	-4.20249	0.000176908
	194	-4.20496	-4.20251	0.000176451
	195	-4.20224	-4.2025	0.000175551
	196	-4.20094	-4.2025	0.000174838
	197	-4.20665	-4.20252	0.000175218
	198	-4.20201	-4.20252	0.000174352
	199	-4.20416	-4.20252	0.000173672
	200	-4.20531	-4.20254	0.000173361
