#     BLOCK:   ACTUAL_T:     T_AVE:       ERROR:
	1	0.8	0.8	0
	2	0.8	0.8	0
	3	0.8	0.8	0
	4	0.8	0.8	0
	5	0.8	0.8	0
	6	0.8	0.8	0
	7	0.8	0.8	0
	8	0.8	0.8	0
	9	0.8	0.8	0
	10	0.8	0.8	0
	11	0.8	0.8	3.17694e-09
	12	0.8	0.8	0
	13	0.8	0.8	2.92236e-09
	14	0.8	0.8	2.81605e-09
	15	0.8	0.8	3.84746e-09
	16	0.8	0.8	3.72529e-09
	17	0.8	0.8	3.61406e-09
	18	0.8	0.8	3.51224e-09
	19	0.8	0.8	3.41856e-09
	20	0.8	0.8	3.332e-09
	21	0.8	0.8	3.2517e-09
	22	0.8	0.8	3.89094e-09
	23	0.8	0.8	3.80541e-09
	24	0.8	0.8	3.72529e-09
	25	0.8	0.8	3.65002e-09
	26	0.8	0.8	3.57914e-09
	27	0.8	0.8	3.51224e-09
	28	0.8	0.8	3.44895e-09
	29	0.8	0.8	3.38896e-09
	30	0.8	0.8	3.332e-09
	31	0.8	0.8	3.27782e-09
	32	0.8	0.8	3.2262e-09
	33	0.8	0.8	3.17694e-09
	34	0.8	0.8	3.12987e-09
	35	0.8	0.8	3.08483e-09
	36	0.8	0.8	3.04169e-09
	37	0.8	0.8	3.0003e-09
	38	0.8	0.8	2.96056e-09
	39	0.8	0.8	3.37445e-09
	40	0.8	0.8	2.35608e-09
	41	0.8	0.8	1.64556e-09
	42	0.8	0.8	1.62585e-09
	43	0.8	0.8	1.60683e-09
	44	0.8	0.8	2.24643e-09
	45	0.8	0.8	2.22133e-09
	46	0.8	0.8	3.10711e-09
	47	0.8	0.8	3.07387e-09
	48	0.8	0.8	3.72529e-09
	49	0.8	0.8	3.68708e-09
	50	0.8	0.8	3.65002e-09
	51	0.8	0.8	3.61406e-09
	52	0.8	0.8	4.38354e-09
	53	0.8	0.8	4.34199e-09
	54	0.8	0.8	4.53428e-09
	55	0.8	0.8	4.49287e-09
	56	0.8	0.8	4.45257e-09
	57	0.8	0.8	4.83458e-09
	58	0.8	0.8	4.79272e-09
	59	0.8	0.8	4.75193e-09
	60	0.8	0.8	5.08972e-09
	61	0.8	0.8	5.04782e-09
	62	0.8	0.8	5.00695e-09
	63	0.8	0.8	5.14139e-09
	64	0.8	0.8	5.10106e-09
	65	0.8	0.8	5.06167e-09
	66	0.8	0.8	5.34758e-09
	67	0.8	0.8	5.30753e-09
	68	0.8	0.8	5.26836e-09
	69	0.8	0.8	5.23004e-09
	70	0.8	0.8	5.34309e-09
	71	0.8	0.8	5.30533e-09
	72	0.8	0.8	5.26836e-09
	73	0.8	0.8	5.23215e-09
	74	0.8	0.8	5.19667e-09
	75	0.8	0.8	5.44113e-09
	76	0.8	0.8	5.40522e-09
	77	0.8	0.8	5.37001e-09
	78	0.8	0.8	5.33547e-09
	79	0.8	0.8	5.3016e-09
	80	0.8	0.8	5.5255e-09
	81	0.8	0.8	5.49128e-09
	82	0.8	0.8	5.4577e-09
	83	0.8	0.8	5.42472e-09
	84	0.8	0.8	5.39233e-09
	85	0.8	0.8	5.36052e-09
	86	0.8	0.8	5.56623e-09
	87	0.8	0.8	5.53415e-09
	88	0.8	0.8	5.50262e-09
	89	0.8	0.8	5.47162e-09
	90	0.8	0.8	5.44113e-09
	91	0.8	0.8	5.41116e-09
	92	0.8	0.8	5.38167e-09
	93	0.8	0.8	5.57122e-09
	94	0.8	0.8	5.54151e-09
	95	0.8	0.8	5.51226e-09
	96	0.8	0.8	5.48348e-09
	97	0.8	0.8	5.45514e-09
	98	0.8	0.8	5.42724e-09
	99	0.8	0.8	5.39976e-09
	100	0.8	0.8	5.37269e-09
	101	0.8	0.8	5.44786e-09
	102	0.8	0.8	5.42109e-09
	103	0.8	0.8	5.39471e-09
	104	0.8	0.8	5.36871e-09
	105	0.8	0.8	5.34309e-09
	106	0.8	0.8	5.31783e-09
	107	0.8	0.8	5.29292e-09
	108	0.8	0.8	5.26836e-09
	109	0.8	0.8	5.24413e-09
	110	0.8	0.8	5.41013e-09
	111	0.8	0.8	5.38571e-09
	112	0.8	0.8	5.36161e-09
	113	0.8	0.8	5.33783e-09
	114	0.8	0.8	5.31437e-09
	115	0.8	0.8	5.29121e-09
	116	0.8	0.8	5.26836e-09
	117	0.8	0.8	5.24579e-09
	118	0.8	0.8	5.22352e-09
	119	0.8	0.8	5.20152e-09
	120	0.8	0.8	5.17981e-09
	121	0.8	0.8	5.15836e-09
	122	0.8	0.8	5.31136e-09
	123	0.8	0.8	5.28973e-09
	124	0.8	0.8	5.26836e-09
	125	0.8	0.8	5.24724e-09
	126	0.8	0.8	5.22638e-09
	127	0.8	0.8	5.20576e-09
	128	0.8	0.8	5.18538e-09
	129	0.8	0.8	5.16525e-09
	130	0.8	0.8	5.14534e-09
	131	0.8	0.8	5.12567e-09
	132	0.8	0.8	5.10621e-09
	133	0.8	0.8	5.08698e-09
	134	0.8	0.8	5.06796e-09
	135	0.8	0.8	5.04916e-09
	136	0.8	0.8	5.11106e-09
	137	0.8	0.8	5.09237e-09
	138	0.8	0.8	5.07388e-09
	139	0.8	0.8	5.0556e-09
	140	0.8	0.8	5.03751e-09
	141	0.8	0.8	5.01962e-09
	142	0.8	0.8	5.00191e-09
	143	0.8	0.8	4.98439e-09
	144	0.8	0.8	4.96705e-09
	145	0.8	0.8	4.9499e-09
	146	0.8	0.8	4.93292e-09
	147	0.8	0.8	4.91611e-09
	148	0.8	0.8	4.89947e-09
	149	0.8	0.8	4.883e-09
	150	0.8	0.8	4.8667e-09
	151	0.8	0.8	4.85056e-09
	152	0.8	0.8	4.83458e-09
	153	0.8	0.8	4.81875e-09
	154	0.8	0.8	4.9509e-09
	155	0.8	0.8	4.9349e-09
	156	0.8	0.8	4.91906e-09
	157	0.8	0.8	4.90337e-09
	158	0.8	0.8	4.88783e-09
	159	0.8	0.8	4.87243e-09
	160	0.8	0.8	4.85718e-09
	161	0.8	0.8	4.84208e-09
	162	0.8	0.8	4.68298e-09
	163	0.8	0.8	4.59507e-09
	164	0.8	0.8	4.58104e-09
	165	0.8	0.8	4.41735e-09
	166	0.8	0.8	4.24945e-09
	167	0.8	0.8	4.23671e-09
	168	0.8	0.8	4.14512e-09
	169	0.8	0.8	3.9707e-09
	170	0.8	0.8	3.87565e-09
	171	0.8	0.8	3.8643e-09
	172	0.8	0.8	3.68172e-09
	173	0.8	0.8	3.49188e-09
	174	0.8	0.8	3.48183e-09
	175	0.8	0.8	3.37927e-09
	176	0.8	0.8	3.36965e-09
	177	0.8	0.8	3.16795e-09
	178	0.8	0.8	3.05873e-09
	179	0.8	0.8	3.05017e-09
	180	0.8	0.8	2.83166e-09
	181	0.8	0.8	2.59754e-09
	182	0.8	0.8	2.59039e-09
	183	0.8	0.8	2.46309e-09
	184	0.8	0.8	2.45638e-09
	185	0.8	0.8	2.19111e-09
	186	0.8	0.8	2.18521e-09
	187	0.8	0.8	2.03861e-09
	188	0.8	0.8	1.71835e-09
	189	0.8	0.8	1.7138e-09
	190	0.8	0.8	1.324e-09
	191	0.8	0.8	1.32053e-09
	192	0.8	0.8	1.0754e-09
	193	0.8	0.8	1.07261e-09
	194	0.8	0.8	0
	195	0.8	0.8	0
	196	0.8	0.8	7.52622e-10
	197	0.8	0.8	7.5071e-10
	198	0.8	0.8	1.29698e-09
	199	0.8	0.8	1.29372e-09
	200	0.8	0.8	1.666e-09
