#     BLOCK:   ACTUAL_TE:    TE_AVE:      ERROR:
	1	-6.3747	-6.3747	0
	2	-6.40579	-6.39025	0.0109908
	3	-6.31565	-6.36538	0.0215843
	4	-6.33877	-6.35873	0.0171829
	5	-6.3094	-6.34886	0.0163346
	6	-6.39073	-6.35584	0.0150286
	7	-6.33386	-6.3527	0.0132057
	8	-6.23174	-6.33758	0.0182636
	9	-6.31653	-6.33524	0.0163835
	10	-6.30965	-6.33268	0.0149437
	11	-6.32716	-6.33218	0.0135936
	12	-6.34441	-6.3332	0.012499
	13	-6.34361	-6.334	0.0115631
	14	-6.36797	-6.33643	0.0109888
	15	-6.28199	-6.3328	0.0108389
	16	-6.37073	-6.33517	0.0104175
	17	-6.36773	-6.33708	0.00997931
	18	-6.36149	-6.33844	0.00951657
	19	-6.37643	-6.34044	0.00922332
	20	-6.33294	-6.34006	0.00876978
	21	-6.41017	-6.3434	0.00896506
	22	-6.34983	-6.34369	0.00856232
	23	-6.37266	-6.34495	0.00828215
	24	-6.40784	-6.34757	0.00834125
	25	-6.38354	-6.34901	0.00813069
	26	-6.42165	-6.35181	0.00828411
	27	-6.39668	-6.35347	0.00814229
	28	-6.41455	-6.35565	0.00813845
	29	-6.3065	-6.35395	0.00803232
	30	-6.32006	-6.35282	0.00784361
	31	-6.25943	-6.34981	0.00814865
	32	-6.33696	-6.34941	0.0079039
	33	-6.35721	-6.34965	0.00766792
	34	-6.28994	-6.34789	0.00764083
	35	-6.39793	-6.34932	0.00755511
	36	-6.39008	-6.35045	0.00742958
	37	-6.33785	-6.35011	0.00723659
	38	-6.4212	-6.35198	0.00728392
	39	-6.36513	-6.35232	0.00710495
	40	-6.38679	-6.35318	0.0069794
	41	-6.30363	-6.35197	0.00691301
	42	-6.34524	-6.35181	0.00675027
	43	-6.32694	-6.35123	0.00661803
	44	-6.29976	-6.35006	0.00657019
	45	-6.28009	-6.34851	0.00660563
	46	-6.29138	-6.34727	0.00657776
	47	-6.3121	-6.34652	0.00648023
	48	-6.36895	-6.34699	0.00636206
	49	-6.40418	-6.34815	0.00633837
	50	-6.3984	-6.34916	0.00629077
	51	-6.34059	-6.34899	0.00616966
	52	-6.29991	-6.34805	0.00612278
	53	-6.24404	-6.34608	0.00631392
	54	-6.39993	-6.34708	0.00627525
	55	-6.38222	-6.34772	0.0061936
	56	-6.40557	-6.34875	0.00616855
	57	-6.40296	-6.3497	0.0061332
	58	-6.38166	-6.35026	0.00605216
	59	-6.34034	-6.35009	0.00595191
	60	-6.36671	-6.35036	0.00585916
	61	-6.2669	-6.349	0.00592071
	62	-6.36896	-6.34932	0.00583397
	63	-6.2963	-6.34848	0.00580175
	64	-6.38322	-6.34902	0.00573644
	65	-6.40111	-6.34982	0.0057039
	66	-6.35295	-6.34987	0.00561768
	67	-6.35476	-6.34994	0.00553431
	68	-6.37142	-6.35026	0.00546193
	69	-6.34141	-6.35013	0.00538428
	70	-6.40906	-6.35097	0.00537277
	71	-6.24495	-6.34948	0.00550069
	72	-6.34086	-6.34936	0.0054256
	73	-6.32995	-6.34909	0.00535779
	74	-6.28434	-6.34822	0.00535635
	75	-6.35019	-6.34824	0.005285
	76	-6.36113	-6.34841	0.00521818
	77	-6.39376	-6.349	0.00518354
	78	-6.37749	-6.34937	0.00512993
	79	-6.37933	-6.34975	0.005079
	80	-6.41398	-6.35055	0.00507858
	81	-6.36619	-6.35074	0.00501955
	82	-6.33802	-6.35059	0.00496073
	83	-6.40145	-6.3512	0.00493866
	84	-6.34247	-6.3511	0.00488096
	85	-6.32937	-6.35084	0.00483023
	86	-6.31143	-6.35038	0.00479575
	87	-6.30668	-6.34988	0.00476686
	88	-6.32091	-6.34955	0.00472405
	89	-6.29939	-6.34899	0.00470448
	90	-6.28387	-6.34826	0.00470751
	91	-6.43773	-6.34925	0.00475733
	92	-6.35218	-6.34928	0.00470572
	93	-6.36211	-6.34942	0.00465715
	94	-6.30196	-6.34891	0.00463489
	95	-6.2232	-6.34759	0.00477127
	96	-6.36611	-6.34778	0.00472547
	97	-6.26865	-6.34697	0.00474666
	98	-6.24698	-6.34595	0.00480662
	99	-6.35759	-6.34606	0.0047595
	100	-6.32099	-6.34581	0.00471851
	101	-6.26574	-6.34502	0.00473792
	102	-6.37378	-6.3453	0.00469985
	103	-6.40306	-6.34586	0.00468756
	104	-6.29243	-6.34535	0.00467056
	105	-6.37692	-6.34565	0.00463575
	106	-6.31135	-6.34533	0.00460329
	107	-6.31002	-6.345	0.00457208
	108	-6.30923	-6.34466	0.00454172
	109	-6.28935	-6.34416	0.00452832
	110	-6.32706	-6.344	0.00448982
	111	-6.36004	-6.34415	0.0044517
	112	-6.40756	-6.34471	0.00444781
	113	-6.27101	-6.34406	0.00445602
	114	-6.37772	-6.34436	0.0044267
	115	-6.35549	-6.34445	0.00438927
	116	-6.40891	-6.34501	0.00438646
	117	-6.33774	-6.34495	0.00434941
	118	-6.36623	-6.34513	0.00431629
	119	-6.33234	-6.34502	0.00428135
	120	-6.40906	-6.34555	0.00427881
	121	-6.28353	-6.34504	0.00427404
	122	-6.34516	-6.34504	0.00423901
	123	-6.39221	-6.34542	0.00422186
	124	-6.36789	-6.34561	0.00419169
	125	-6.37455	-6.34584	0.00416455
	126	-6.42504	-6.34647	0.00417867
	127	-6.33901	-6.34641	0.00414618
	128	-6.35358	-6.34646	0.00411417
	129	-6.32258	-6.34628	0.00408644
	130	-6.30837	-6.34599	0.00406539
	131	-6.3233	-6.34581	0.00403805
	132	-6.40891	-6.34629	0.00403565
	133	-6.38845	-6.34661	0.00401773
	134	-6.3538	-6.34666	0.00398811
	135	-6.3164	-6.34644	0.00396486
	136	-6.27346	-6.3459	0.00397185
	137	-6.19028	-6.34476	0.00410207
	138	-6.27719	-6.34428	0.00410146
	139	-6.26879	-6.34373	0.00410775
	140	-6.26805	-6.34319	0.00411382
	141	-6.3353	-6.34314	0.00408503
	142	-6.29512	-6.3428	0.00407023
	143	-6.35726	-6.3429	0.00404302
	144	-6.30594	-6.34264	0.00402308
	145	-6.33189	-6.34257	0.00399602
	146	-6.37762	-6.34281	0.00397585
	147	-6.31866	-6.34264	0.0039522
	148	-6.33896	-6.34262	0.00392557
	149	-6.34269	-6.34262	0.00389922
	150	-6.34174	-6.34261	0.00387323
	151	-6.33066	-6.34253	0.00384839
	152	-6.35945	-6.34265	0.00382468
	153	-6.40798	-6.34307	0.00382345
	154	-6.35225	-6.34313	0.00379909
	155	-6.3107	-6.34292	0.00378033
	156	-6.34392	-6.34293	0.00375611
	157	-6.40368	-6.34332	0.00375206
	158	-6.4097	-6.34374	0.00375176
	159	-6.39938	-6.34409	0.00374445
	160	-6.26915	-6.34362	0.00375022
	161	-6.35083	-6.34366	0.00372719
	162	-6.33608	-6.34362	0.00370448
	163	-6.38732	-6.34388	0.00369144
	164	-6.41207	-6.3443	0.00369227
	165	-6.32851	-6.3442	0.00367114
	166	-6.39111	-6.34449	0.00365988
	167	-6.40011	-6.34482	0.00365308
	168	-6.31929	-6.34467	0.0036345
	169	-6.26701	-6.34421	0.00364193
	170	-6.33012	-6.34413	0.00362145
	171	-6.39718	-6.34444	0.00361353
	172	-6.43086	-6.34494	0.00362729
	173	-6.28927	-6.34462	0.00362057
	174	-6.40179	-6.34495	0.00361464
	175	-6.4047	-6.34529	0.00361008
	176	-6.40035	-6.3456	0.0036031
	177	-6.31304	-6.34542	0.00358744
	178	-6.32404	-6.3453	0.00356929
	179	-6.3851	-6.34552	0.00355627
	180	-6.3109	-6.34533	0.00354171
	181	-6.28244	-6.34498	0.00353914
	182	-6.30453	-6.34476	0.00352667
	183	-6.39122	-6.34501	0.00351653
	184	-6.39288	-6.34527	0.00350703
	185	-6.38016	-6.34546	0.00349314
	186	-6.39731	-6.34574	0.00348546
	187	-6.48807	-6.3465	0.00354895
	188	-6.39205	-6.34674	0.00353834
	189	-6.3415	-6.34671	0.00351972
	190	-6.28399	-6.34638	0.00351665
	191	-6.37189	-6.34652	0.00350077
	192	-6.32752	-6.34642	0.00348393
	193	-6.36618	-6.34652	0.00346739
	194	-6.39185	-6.34675	0.00345738
	195	-6.34349	-6.34674	0.00343969
	196	-6.32224	-6.34661	0.00342441
	197	-6.42652	-6.34702	0.00343097
	198	-6.33804	-6.34697	0.00341394
	199	-6.38263	-6.34715	0.00340148
	200	-6.40064	-6.34742	0.00339498
