#Blk	Blk_Energy	Stdev_Blk_Energy	Current_mu	Current sigma	Blk_Acceptance
1	0.201466	0.0217368	0.668549	-0.445334	0.931002	
2	0.0125858	0.0164545	0.62622	-0.854307	0.895235	
3	-0.316473	0.0193292	0.697577	-0.422067	0.946845	
4	-0.276368	0.0168844	0.615814	-0.635912	0.925798	
5	-0.25833	0.0164949	0.304742	-0.778771	0.929569	
6	-0.224042	0.0130494	0.124139	-0.842895	0.924154	
7	-0.214564	0.012556	0.381599	-0.926941	0.928028	
8	-0.322396	0.0188707	0.694334	-0.725376	0.914487	
9	-0.312151	0.0187452	1.01972	-0.598849	0.899297	
10	-0.0556721	0.011756	0.933671	-0.872569	0.826427	
11	-0.324484	0.0191853	0.697438	-0.854689	0.890515	
12	-0.287528	0.0171391	0.972511	-0.51291	0.86439	
13	-0.372707	0.021652	0.780241	-0.575672	0.909832	
14	-0.395698	0.0229528	0.723872	-0.496697	0.903138	
15	-0.392923	0.0227697	0.652108	-0.646895	0.902046	
16	-0.30247	0.0177222	0.609785	-0.59633	0.896929	
17	-0.383747	0.0222486	0.784041	-0.538772	0.889106	
18	-0.366248	0.0214166	0.94355	-0.672126	0.878377	
19	-0.32635	0.0189919	0.726912	-0.709533	0.85501	
20	-0.356266	0.0207638	0.72211	-0.585614	0.858599	
21	-0.414947	0.0239824	0.70794	-0.592714	0.918936	
22	-0.415406	0.0240043	0.851814	-0.60613	0.900689	
23	-0.420542	0.0242999	0.691481	-0.551689	0.924458	
24	-0.294452	0.0170431	0.569312	-0.750829	0.883793	
25	-0.327992	0.0190309	0.670331	-0.708214	0.859511	
26	-0.303388	0.0175458	0.59422	-0.760625	0.854888	
27	-0.342794	0.0198269	0.569324	-0.738885	0.873888	
28	-0.272069	0.0158561	0.547932	-0.745161	0.861539	
29	-0.376053	0.0217727	0.852184	-0.680785	0.886439	
30	-0.420692	0.0243011	0.705679	-0.67118	0.878365	
31	-0.407165	0.0235193	0.681479	-0.6659	0.881263	
32	-0.420003	0.0242563	0.77155	-0.642047	0.897851	
33	-0.385687	0.0223986	0.808295	-0.780067	0.836905	
34	-0.418606	0.0241934	0.763987	-0.640805	0.873514	
35	-0.434622	0.0250993	0.758939	-0.644626	0.892707	
36	-0.385324	0.0222783	0.80235	-0.774689	0.854252	
37	-0.412526	0.0238503	0.873982	-0.576559	0.844385	
38	-0.420882	0.0243086	0.702955	-0.599583	0.864077	
39	-0.388352	0.0224434	0.642878	-0.57742	0.885093	
40	-0.401865	0.0232448	0.811694	-0.676969	0.885069	
41	-0.372429	0.0215468	0.824633	-0.724656	0.809892	
42	-0.34983	0.0202981	0.848319	-0.63375	0.777806	
43	-0.429359	0.0248039	0.792398	-0.619738	0.866318	
44	-0.402604	0.0232988	0.929037	-0.558623	0.866978	
45	-0.396849	0.0229428	0.833187	-0.585088	0.8585	
46	-0.416158	0.024044	0.650781	-0.647149	0.870779	
47	-0.35339	0.0204124	0.626944	-0.685081	0.860205	
48	-0.372888	0.0215406	0.790416	-0.734492	0.811717	
49	-0.426951	0.0246627	0.856435	-0.632686	0.868	
50	-0.422638	0.0244105	0.893771	-0.65587	0.847932	
51	-0.428081	0.0247244	0.719785	-0.585625	0.857943	
52	-0.43316	0.0250132	0.780175	-0.610385	0.873044	
53	-0.432028	0.0249502	0.842732	-0.692274	0.852014	
54	-0.417791	0.0241412	0.808622	-0.63126	0.820779	
55	-0.429098	0.024781	0.794574	-0.663257	0.846349	
56	-0.440829	0.0254539	0.814834	-0.622137	0.883213	
57	-0.434798	0.0251102	0.879353	-0.641626	0.866848	
58	-0.430589	0.0248658	0.812568	-0.605938	0.86155	
59	-0.438563	0.0253237	0.768615	-0.630382	0.884843	
60	-0.440631	0.0254421	0.817865	-0.620209	0.878041	
61	-0.440547	0.0254374	0.81512	-0.5992	0.875482	
62	-0.443407	0.0256023	0.801138	-0.596742	0.860005	
63	-0.417659	0.0241427	0.761835	-0.598042	0.846193	
64	-0.430909	0.0248846	0.880944	-0.617159	0.853467	
65	-0.437739	0.0252768	0.766269	-0.605393	0.860364	
66	-0.416891	0.0240772	0.727016	-0.624128	0.856692	
67	-0.415301	0.0239866	0.708739	-0.584708	0.858007	
68	-0.427952	0.0247107	0.754838	-0.59369	0.877229	
69	-0.434921	0.025117	0.794244	-0.63561	0.849769	
70	-0.43238	0.0249676	0.841906	-0.639811	0.839048	
71	-0.408509	0.0235998	0.856978	-0.669792	0.758339	
72	-0.413324	0.0238741	0.862319	-0.660123	0.78398	
73	-0.426985	0.0246623	0.81149	-0.64635	0.81144	
74	-0.376364	0.0217835	0.840404	-0.751339	0.747495	
75	-0.327545	0.0189417	0.845604	-0.756958	0.723097	
76	-0.338902	0.0196013	0.820341	-0.743977	0.709061	
77	-0.403845	0.0233539	0.802788	-0.67252	0.792737	
78	-0.433548	0.0250355	0.761755	-0.622501	0.849671	
79	-0.431976	0.0249432	0.742802	-0.603452	0.866625	
80	-0.427475	0.0246824	0.72354	-0.608474	0.876303	
81	-0.434586	0.0250957	0.807571	-0.643909	0.8759	
82	-0.420765	0.024306	0.89112	-0.657538	0.790557	
83	-0.417046	0.0240865	0.84744	-0.630685	0.810933	
84	-0.435884	0.0251692	0.841691	-0.611341	0.824469	
85	-0.442911	0.025574	0.829639	-0.576963	0.85442	
86	-0.414312	0.02393	0.825222	-0.577729	0.816486	
87	-0.43335	0.0250221	0.737218	-0.59236	0.862831	
88	-0.415008	0.0239663	0.799716	-0.56075	0.824659	
89	-0.414862	0.0239632	0.798216	-0.582235	0.830185	
90	-0.435177	0.0251297	0.798859	-0.596089	0.862706	
91	-0.442803	0.0255674	0.815574	-0.579322	0.871534	
92	-0.44317	0.0255885	0.839025	-0.629688	0.845311	
93	-0.432003	0.024946	0.884664	-0.629775	0.835968	
94	-0.419246	0.0242105	0.862937	-0.584418	0.835048	
95	-0.412829	0.0238493	0.846438	-0.577213	0.824148	
96	-0.429425	0.024798	0.770088	-0.597245	0.835986	
97	-0.443231	0.0255918	0.797355	-0.614674	0.866625	
98	-0.440152	0.0254142	0.756893	-0.590047	0.859403	
99	-0.442199	0.0255321	0.756469	-0.603603	0.863212	
100	-0.437003	0.0252323	0.777116	-0.600847	0.859255	
