#     BLOCK:  ACTUAL_PE:     PE_AVE:      ERROR:
	1	-5.46487	-5.46487	0
	2	-5.39812	-5.43149	0.0235992
	3	-5.47658	-5.44652	0.0199524
	4	-5.50328	-5.46071	0.0193624
	5	-5.5825	-5.48507	0.0267322
	6	-5.56411	-5.49824	0.0253157
	7	-5.56714	-5.50809	0.0235347
	8	-5.52677	-5.51042	0.0207084
	9	-5.50729	-5.51007	0.0184104
	10	-5.50668	-5.50973	0.0165725
	11	-5.55878	-5.51419	0.0156541
	12	-5.44017	-5.50802	0.0155173
	13	-5.47923	-5.50581	0.0144809
	14	-5.41592	-5.49939	0.0148018
	15	-5.45426	-5.49638	0.0141175
	16	-5.41975	-5.49159	0.014024
	17	-5.39066	-5.48565	0.0144011
	18	-5.51475	-5.48727	0.0136914
	19	-5.4651	-5.4861	0.0130205
	20	-5.4873	-5.48616	0.0123696
	21	-5.53194	-5.48834	0.0119711
	22	-5.48659	-5.48826	0.0114272
	23	-5.43149	-5.48579	0.0111938
	24	-5.47376	-5.48529	0.0107386
	25	-5.52842	-5.48702	0.0104467
	26	-5.48483	-5.48693	0.0100453
	27	-5.52542	-5.48836	0.00977384
	28	-5.46871	-5.48766	0.00944993
	29	-5.50576	-5.48828	0.00914466
	30	-5.49392	-5.48847	0.00884177
	31	-5.40091	-5.48565	0.00899643
	32	-5.40787	-5.48321	0.00903761
	33	-5.41884	-5.48126	0.00897179
	34	-5.37561	-5.47816	0.00923043
	35	-5.41582	-5.47638	0.0091369
	36	-5.46432	-5.47604	0.00888923
	37	-5.46801	-5.47582	0.00865163
	38	-5.41785	-5.4743	0.00855743
	39	-5.53449	-5.47584	0.00847604
	40	-5.47931	-5.47593	0.00826458
	41	-5.53034	-5.47726	0.00816886
	42	-5.47068	-5.4771	0.00797587
	43	-5.48713	-5.47733	0.00779379
	44	-5.46137	-5.47697	0.0076251
	45	-5.36073	-5.47439	0.00788102
	46	-5.34959	-5.47167	0.00816328
	47	-5.38573	-5.46984	0.00819182
	48	-5.44728	-5.46937	0.00803463
	49	-5.50492	-5.4701	0.00790334
	50	-5.49178	-5.47053	0.00775716
	51	-5.48726	-5.47086	0.00761199
	52	-5.32188	-5.468	0.00798661
	53	-5.4095	-5.46689	0.00791181
	54	-5.45959	-5.46676	0.00776646
	55	-5.44515	-5.46636	0.00763518
	56	-5.47902	-5.46659	0.00750218
	57	-5.52637	-5.46764	0.00744351
	58	-5.52111	-5.46856	0.00737206
	59	-5.46475	-5.4685	0.00724739
	60	-5.42395	-5.46775	0.00716453
	61	-5.46904	-5.46778	0.00704711
	62	-5.4101	-5.46685	0.00699458
	63	-5.36645	-5.46525	0.00706276
	64	-5.45782	-5.46514	0.00695335
	65	-5.33982	-5.46321	0.00710861
	66	-5.37085	-5.46181	0.00713731
	67	-5.4094	-5.46103	0.00707352
	68	-5.46073	-5.46102	0.0069695
	69	-5.50637	-5.46168	0.00689941
	70	-5.43316	-5.46127	0.00681286
	71	-5.50581	-5.4619	0.00674572
	72	-5.497	-5.46239	0.00666963
	73	-5.47373	-5.46254	0.00658007
	74	-5.46302	-5.46255	0.00649116
	75	-5.48782	-5.46289	0.00641335
	76	-5.47977	-5.46311	0.00633281
	77	-5.60544	-5.46496	0.00651475
	78	-5.60697	-5.46678	0.00668081
	79	-5.48949	-5.46706	0.00660243
	80	-5.42143	-5.46649	0.00654449
	81	-5.38673	-5.46551	0.00653736
	82	-5.3856	-5.46453	0.00652987
	83	-5.46068	-5.46449	0.00645136
	84	-5.47567	-5.46462	0.00637593
	85	-5.39431	-5.46379	0.00635435
	86	-5.43508	-5.46346	0.00628923
	87	-5.45761	-5.46339	0.0062173
	88	-5.43664	-5.46309	0.00615407
	89	-5.42964	-5.46271	0.00609639
	90	-5.50357	-5.46317	0.00604553
	91	-5.41222	-5.46261	0.00600496
	92	-5.32298	-5.46109	0.00612847
	93	-5.39925	-5.46042	0.00609854
	94	-5.43172	-5.46012	0.0060413
	95	-5.46187	-5.46014	0.00597773
	96	-5.38975	-5.4594	0.00596027
	97	-5.38817	-5.45867	0.00594389
	98	-5.35655	-5.45763	0.00597388
	99	-5.31648	-5.4562	0.00608128
	100	-5.49586	-5.4566	0.00603339
	101	-5.43154	-5.45635	0.00597875
	102	-5.53187	-5.45709	0.00596581
	103	-5.42919	-5.45682	0.00591403
	104	-5.49348	-5.45717	0.00586766
	105	-5.52621	-5.45783	0.0058485
	106	-5.43066	-5.45757	0.00579894
	107	-5.47788	-5.45776	0.00574784
	108	-5.494	-5.4581	0.00570441
	109	-5.41887	-5.45774	0.00566342
	110	-5.46804	-5.45783	0.0056127
	111	-5.55363	-5.4587	0.0056281
	112	-5.51464	-5.4592	0.00559997
	113	-5.51968	-5.45973	0.00557594
	114	-5.53275	-5.46037	0.00556369
	115	-5.49133	-5.46064	0.00552182
	116	-5.46079	-5.46064	0.00547422
	117	-5.49136	-5.4609	0.00543372
	118	-5.43893	-5.46072	0.00539087
	119	-5.45227	-5.46065	0.00534603
	120	-5.4336	-5.46042	0.00530623
	121	-5.4073	-5.45998	0.00528051
	122	-5.37876	-5.45932	0.00527903
	123	-5.47947	-5.45948	0.00523865
	124	-5.50813	-5.45987	0.00521108
	125	-5.43354	-5.45966	0.00517364
	126	-5.45446	-5.45962	0.00513275
	127	-5.52288	-5.46012	0.00511645
	128	-5.42501	-5.45984	0.00508382
	129	-5.39069	-5.45931	0.00507259
	130	-5.44845	-5.45923	0.00503426
	131	-5.49795	-5.45952	0.00500451
	132	-5.44461	-5.45941	0.00496787
	133	-5.46083	-5.45942	0.00493053
	134	-5.42575	-5.45917	0.00490013
	135	-5.44213	-5.45904	0.00486546
	136	-5.51461	-5.45945	0.00484681
	137	-5.41474	-5.45912	0.00482241
	138	-5.43176	-5.45893	0.00479154
	139	-5.42818	-5.4587	0.00476217
	140	-5.43308	-5.45852	0.00473167
	141	-5.45551	-5.4585	0.00469816
	142	-5.48468	-5.45868	0.00466869
	143	-5.47649	-5.45881	0.00463771
	144	-5.52253	-5.45925	0.00462656
	145	-5.58155	-5.46009	0.0046709
	146	-5.50458	-5.4604	0.00464884
	147	-5.52447	-5.46084	0.0046376
	148	-5.5178	-5.46122	0.00462221
	149	-5.55009	-5.46182	0.00462951
	150	-5.43322	-5.46163	0.00460257
	151	-5.43013	-5.46142	0.00457682
	152	-5.37617	-5.46086	0.00458094
	153	-5.45445	-5.46081	0.00455119
	154	-5.48429	-5.46097	0.00452419
	155	-5.4825	-5.46111	0.00449713
	156	-5.51839	-5.46147	0.00448327
	157	-5.51461	-5.46181	0.00446747
	158	-5.52406	-5.46221	0.00445653
	159	-5.48859	-5.46237	0.00443159
	160	-5.45134	-5.4623	0.00440443
	161	-5.52014	-5.46266	0.0043917
	162	-5.59765	-5.46349	0.00444293
	163	-5.52509	-5.46387	0.00443171
	164	-5.45906	-5.46384	0.00440479
	165	-5.50896	-5.46412	0.00438657
	166	-5.48689	-5.46425	0.00436229
	167	-5.47305	-5.46431	0.00433649
	168	-5.39965	-5.46392	0.00432772
	169	-5.48091	-5.46402	0.00430328
	170	-5.44796	-5.46393	0.004279
	171	-5.44783	-5.46383	0.00425501
	172	-5.4858	-5.46396	0.00423219
	173	-5.48082	-5.46406	0.00420885
	174	-5.48998	-5.46421	0.0041873
	175	-5.39755	-5.46383	0.00418066
	176	-5.42126	-5.46359	0.00416389
	177	-5.49336	-5.46375	0.00414377
	178	-5.38244	-5.4633	0.00414559
	179	-5.49662	-5.46348	0.00412661
	180	-5.37067	-5.46297	0.00413577
	181	-5.40762	-5.46266	0.00412421
	182	-5.36163	-5.46211	0.00413874
	183	-5.42812	-5.46192	0.00412029
	184	-5.44396	-5.46182	0.00409905
	185	-5.51962	-5.46214	0.00408879
	186	-5.52429	-5.46247	0.00408043
	187	-5.51187	-5.46273	0.00406716
	188	-5.54391	-5.46317	0.00406838
	189	-5.47222	-5.46321	0.00404714
	190	-5.406	-5.46291	0.00403702
	191	-5.49704	-5.46309	0.00401984
	192	-5.54594	-5.46352	0.004022
	193	-5.53307	-5.46388	0.00401727
	194	-5.50374	-5.46409	0.00400181
	195	-5.46692	-5.4641	0.00398132
	196	-5.49483	-5.46426	0.00396409
	197	-5.51808	-5.46453	0.00395337
	198	-5.46337	-5.46453	0.00393341
	199	-5.46238	-5.46452	0.00391366
	200	-5.46116	-5.4645	0.00389412
