#     BLOCK:   ACTUAL_P:     P_AVE:       ERROR:
	1	-1.67518	-1.67518	0
	2	-1.67222	-1.6737	0.00104972
	3	-1.67586	-1.67442	0.000913146
	4	-1.67746	-1.67518	0.000949805
	5	-1.68035	-1.67621	0.00119647
	6	-1.68009	-1.67686	0.00115868
	7	-1.68113	-1.67747	0.00114272
	8	-1.67858	-1.67761	0.00100823
	9	-1.67824	-1.67768	0.000898616
	10	-1.67906	-1.67782	0.000819265
	11	-1.68159	-1.67816	0.000813591
	12	-1.6762	-1.678	0.000761925
	13	-1.67722	-1.67794	0.000705672
	14	-1.67356	-1.67762	0.000721257
	15	-1.67458	-1.67742	0.000701044
	16	-1.67354	-1.67718	0.000697945
	17	-1.67182	-1.67686	0.000724461
	18	-1.67774	-1.67691	0.000685867
	19	-1.67633	-1.67688	0.000650446
	20	-1.67648	-1.67686	0.000618225
	21	-1.67846	-1.67694	0.000593477
	22	-1.67477	-1.67684	0.000574657
	23	-1.6736	-1.6767	0.000566691
	24	-1.67655	-1.67669	0.000543112
	25	-1.67767	-1.67673	0.000522796
	26	-1.67637	-1.67672	0.000502872
	27	-1.67856	-1.67679	0.000488849
	28	-1.67569	-1.67675	0.000472953
	29	-1.67797	-1.67679	0.000458533
	30	-1.67626	-1.67677	0.000443583
	31	-1.67168	-1.67661	0.000458681
	32	-1.67307	-1.6765	0.000457444
	33	-1.67356	-1.67641	0.000452159
	34	-1.67196	-1.67628	0.00045735
	35	-1.67284	-1.67618	0.000454695
	36	-1.67511	-1.67615	0.000443031
	37	-1.67618	-1.67615	0.000431058
	38	-1.67264	-1.67606	0.000429475
	39	-1.67849	-1.67612	0.000422979
	40	-1.67662	-1.67613	0.000412586
	41	-1.67968	-1.67622	0.000411474
	42	-1.67597	-1.67621	0.000401718
	43	-1.67676	-1.67623	0.00039258
	44	-1.67579	-1.67622	0.000383782
	45	-1.67125	-1.67611	0.000390778
	46	-1.6705	-1.67598	0.000400802
	47	-1.67101	-1.67588	0.000406023
	48	-1.67333	-1.67582	0.000401008
	49	-1.67684	-1.67585	0.000393363
	50	-1.67514	-1.67583	0.00038575
	51	-1.67643	-1.67584	0.000378367
	52	-1.67042	-1.67574	0.000385209
	53	-1.67282	-1.67568	0.000381847
	54	-1.67583	-1.67569	0.000374786
	55	-1.67491	-1.67567	0.00036824
	56	-1.67652	-1.67569	0.000361978
	57	-1.67812	-1.67573	0.000358124
	58	-1.67822	-1.67577	0.00035451
	59	-1.67662	-1.67579	0.000348791
	60	-1.67492	-1.67577	0.000343279
	61	-1.67553	-1.67577	0.000337675
	62	-1.67275	-1.67572	0.000335724
	63	-1.671	-1.67565	0.000338657
	64	-1.67374	-1.67562	0.000334669
	65	-1.66815	-1.6755	0.000348651
	66	-1.67053	-1.67543	0.000351422
	67	-1.67277	-1.67539	0.000348412
	68	-1.67461	-1.67537	0.000343476
	69	-1.67654	-1.67539	0.000338916
	70	-1.67418	-1.67537	0.000334514
	71	-1.67702	-1.6754	0.000330606
	72	-1.6764	-1.67541	0.000326306
	73	-1.67607	-1.67542	0.000321961
	74	-1.67548	-1.67542	0.000317611
	75	-1.67585	-1.67543	0.000313428
	76	-1.67523	-1.67542	0.000309315
	77	-1.68137	-1.6755	0.000314785
	78	-1.68256	-1.67559	0.000323494
	79	-1.67597	-1.6756	0.000319435
	80	-1.67345	-1.67557	0.000316568
	81	-1.67217	-1.67553	0.000315432
	82	-1.67229	-1.67549	0.000314047
	83	-1.67589	-1.67549	0.000310301
	84	-1.67658	-1.67551	0.000306878
	85	-1.67181	-1.67546	0.000306339
	86	-1.6738	-1.67544	0.000303385
	87	-1.67564	-1.67545	0.000299907
	88	-1.67462	-1.67544	0.000296646
	89	-1.67399	-1.67542	0.000293756
	90	-1.67817	-1.67545	0.000292082
	91	-1.67379	-1.67543	0.000289443
	92	-1.67009	-1.67537	0.000292063
	93	-1.67284	-1.67535	0.000290189
	94	-1.67422	-1.67533	0.000287347
	95	-1.67452	-1.67533	0.00028445
	96	-1.67214	-1.67529	0.000283416
	97	-1.66784	-1.67522	0.000290734
	98	-1.66853	-1.67515	0.000295655
	99	-1.66552	-1.67505	0.00030826
	100	-1.67631	-1.67506	0.000305436
	101	-1.67343	-1.67505	0.000302837
	102	-1.67769	-1.67507	0.000300977
	103	-1.67514	-1.67507	0.000298056
	104	-1.67659	-1.67509	0.000295546
	105	-1.67763	-1.67511	0.000293721
	106	-1.67335	-1.6751	0.000291418
	107	-1.67593	-1.6751	0.000288799
	108	-1.67779	-1.67513	0.000287191
	109	-1.67401	-1.67512	0.000284738
	110	-1.676	-1.67513	0.000282263
	111	-1.67975	-1.67517	0.000282774
	112	-1.67828	-1.6752	0.000281614
	113	-1.67743	-1.67522	0.000279815
	114	-1.67837	-1.67524	0.000278721
	115	-1.67755	-1.67526	0.00027702
	116	-1.67515	-1.67526	0.000274633
	117	-1.67662	-1.67527	0.00027253
	118	-1.67459	-1.67527	0.000270283
	119	-1.6749	-1.67527	0.000268029
	120	-1.67461	-1.67526	0.00026585
	121	-1.67368	-1.67525	0.000263975
	122	-1.67196	-1.67522	0.000263184
	123	-1.67636	-1.67523	0.000261207
	124	-1.67749	-1.67525	0.000259739
	125	-1.67403	-1.67524	0.000257845
	126	-1.67461	-1.67523	0.000255847
	127	-1.67848	-1.67526	0.000255104
	128	-1.67498	-1.67526	0.000253121
	129	-1.67333	-1.67524	0.0002516
	130	-1.67532	-1.67524	0.000249665
	131	-1.67671	-1.67525	0.000248009
	132	-1.67454	-1.67525	0.00024619
	133	-1.67491	-1.67524	0.000244352
	134	-1.6728	-1.67523	0.000243207
	135	-1.67542	-1.67523	0.00024141
	136	-1.67642	-1.67524	0.000239794
	137	-1.67316	-1.67522	0.000238524
	138	-1.67415	-1.67521	0.000236923
	139	-1.67425	-1.67521	0.00023532
	140	-1.67501	-1.67521	0.000233644
	141	-1.67568	-1.67521	0.000232011
	142	-1.67656	-1.67522	0.000230571
	143	-1.67665	-1.67523	0.000229176
	144	-1.67858	-1.67525	0.000228762
	145	-1.67967	-1.67528	0.000229201
	146	-1.67593	-1.67529	0.000227674
	147	-1.67888	-1.67531	0.000227432
	148	-1.67868	-1.67533	0.000227033
	149	-1.68011	-1.67537	0.000227766
	150	-1.6745	-1.67536	0.00022632
	151	-1.6741	-1.67535	0.000224975
	152	-1.66999	-1.67532	0.000226243
	153	-1.67446	-1.67531	0.000224833
	154	-1.67734	-1.67532	0.00022376
	155	-1.67724	-1.67534	0.000222658
	156	-1.67808	-1.67535	0.000221921
	157	-1.67824	-1.67537	0.00022127
	158	-1.67856	-1.67539	0.000220788
	159	-1.67674	-1.6754	0.00021956
	160	-1.67545	-1.6754	0.000218188
	161	-1.67718	-1.67541	0.000217113
	162	-1.68176	-1.67545	0.000219281
	163	-1.67759	-1.67546	0.000218327
	164	-1.67412	-1.67546	0.000217149
	165	-1.67677	-1.67546	0.000215979
	166	-1.67698	-1.67547	0.000214871
	167	-1.6764	-1.67548	0.000213656
	168	-1.67336	-1.67547	0.000212755
	169	-1.67528	-1.67547	0.000211499
	170	-1.67409	-1.67546	0.00021041
	171	-1.67468	-1.67545	0.000209229
	172	-1.67637	-1.67546	0.000208081
	173	-1.67585	-1.67546	0.000206891
	174	-1.6769	-1.67547	0.000205867
	175	-1.6722	-1.67545	0.000205536
	176	-1.67267	-1.67543	0.000204972
	177	-1.67693	-1.67544	0.000203987
	178	-1.67168	-1.67542	0.000203933
	179	-1.67739	-1.67543	0.000203089
	180	-1.6708	-1.67541	0.000203587
	181	-1.67366	-1.6754	0.000202691
	182	-1.67142	-1.67538	0.000202754
	183	-1.67487	-1.67537	0.000201665
	184	-1.67545	-1.67537	0.000200569
	185	-1.67756	-1.67538	0.000199833
	186	-1.67689	-1.67539	0.000198923
	187	-1.67672	-1.6754	0.000197985
	188	-1.67697	-1.67541	0.000197109
	189	-1.67535	-1.67541	0.000196066
	190	-1.67236	-1.67539	0.00019569
	191	-1.67689	-1.6754	0.000194823
	192	-1.67911	-1.67542	0.000194764
	193	-1.67833	-1.67543	0.000194338
	194	-1.67637	-1.67544	0.000193397
	195	-1.67485	-1.67544	0.000192429
	196	-1.67637	-1.67544	0.000191506
	197	-1.67801	-1.67545	0.000190979
	198	-1.67611	-1.67546	0.000190043
	199	-1.67553	-1.67546	0.000189088
	200	-1.67396	-1.67545	0.000188291
