#     BLOCK:   ACTUAL_TE:    TE_AVE:      ERROR:
	1	-3.81487	-3.81487	0
	2	-3.74812	-3.78149	0.0235992
	3	-3.82658	-3.79652	0.0199524
	4	-3.85328	-3.81071	0.0193624
	5	-3.9325	-3.83507	0.0267322
	6	-3.91411	-3.84824	0.0253157
	7	-3.91714	-3.85809	0.0235347
	8	-3.87677	-3.86042	0.0207084
	9	-3.85729	-3.86007	0.0184104
	10	-3.85668	-3.85973	0.0165725
	11	-3.90878	-3.86419	0.0156541
	12	-3.79017	-3.85802	0.0155173
	13	-3.82923	-3.85581	0.0144809
	14	-3.76592	-3.84939	0.0148018
	15	-3.80426	-3.84638	0.0141175
	16	-3.76975	-3.84159	0.014024
	17	-3.74066	-3.83565	0.0144011
	18	-3.86475	-3.83727	0.0136914
	19	-3.8151	-3.8361	0.0130205
	20	-3.8373	-3.83616	0.0123696
	21	-3.88194	-3.83834	0.0119711
	22	-3.83659	-3.83826	0.0114272
	23	-3.78149	-3.83579	0.0111938
	24	-3.82376	-3.83529	0.0107386
	25	-3.87842	-3.83702	0.0104467
	26	-3.83483	-3.83693	0.0100453
	27	-3.87542	-3.83836	0.00977384
	28	-3.81871	-3.83766	0.00944993
	29	-3.85576	-3.83828	0.00914466
	30	-3.84392	-3.83847	0.00884177
	31	-3.75091	-3.83565	0.00899643
	32	-3.75787	-3.83321	0.00903761
	33	-3.76884	-3.83126	0.00897179
	34	-3.72561	-3.82816	0.00923043
	35	-3.76582	-3.82638	0.0091369
	36	-3.81432	-3.82604	0.00888923
	37	-3.81801	-3.82582	0.00865163
	38	-3.76785	-3.8243	0.00855743
	39	-3.88449	-3.82584	0.00847604
	40	-3.82931	-3.82593	0.00826458
	41	-3.88034	-3.82726	0.00816886
	42	-3.82068	-3.8271	0.00797587
	43	-3.83713	-3.82733	0.00779379
	44	-3.81137	-3.82697	0.0076251
	45	-3.71073	-3.82439	0.00788102
	46	-3.69959	-3.82167	0.00816328
	47	-3.73573	-3.81984	0.00819182
	48	-3.79728	-3.81937	0.00803463
	49	-3.85492	-3.8201	0.00790334
	50	-3.84178	-3.82053	0.00775716
	51	-3.83726	-3.82086	0.00761199
	52	-3.67188	-3.818	0.00798661
	53	-3.7595	-3.81689	0.00791181
	54	-3.80959	-3.81676	0.00776646
	55	-3.79515	-3.81636	0.00763518
	56	-3.82902	-3.81659	0.00750218
	57	-3.87637	-3.81764	0.00744351
	58	-3.87111	-3.81856	0.00737206
	59	-3.81475	-3.8185	0.00724739
	60	-3.77395	-3.81775	0.00716453
	61	-3.81904	-3.81778	0.00704711
	62	-3.7601	-3.81685	0.00699458
	63	-3.71645	-3.81525	0.00706276
	64	-3.80782	-3.81514	0.00695335
	65	-3.68982	-3.81321	0.00710861
	66	-3.72085	-3.81181	0.00713731
	67	-3.7594	-3.81103	0.00707352
	68	-3.81073	-3.81102	0.0069695
	69	-3.85637	-3.81168	0.00689941
	70	-3.78316	-3.81127	0.00681286
	71	-3.85581	-3.8119	0.00674572
	72	-3.847	-3.81239	0.00666963
	73	-3.82373	-3.81254	0.00658007
	74	-3.81302	-3.81255	0.00649116
	75	-3.83782	-3.81289	0.00641335
	76	-3.82977	-3.81311	0.00633281
	77	-3.95544	-3.81496	0.00651475
	78	-3.95697	-3.81678	0.00668081
	79	-3.83949	-3.81706	0.00660243
	80	-3.77143	-3.81649	0.00654449
	81	-3.73673	-3.81551	0.00653736
	82	-3.7356	-3.81453	0.00652987
	83	-3.81068	-3.81449	0.00645136
	84	-3.82567	-3.81462	0.00637593
	85	-3.74431	-3.81379	0.00635435
	86	-3.78508	-3.81346	0.00628923
	87	-3.80761	-3.81339	0.0062173
	88	-3.78664	-3.81309	0.00615407
	89	-3.77964	-3.81271	0.00609639
	90	-3.85357	-3.81317	0.00604553
	91	-3.76222	-3.81261	0.00600496
	92	-3.67298	-3.81109	0.00612847
	93	-3.74925	-3.81042	0.00609854
	94	-3.78172	-3.81012	0.0060413
	95	-3.81187	-3.81014	0.00597773
	96	-3.73975	-3.8094	0.00596027
	97	-3.73817	-3.80867	0.00594389
	98	-3.70655	-3.80763	0.00597388
	99	-3.66648	-3.8062	0.00608128
	100	-3.84586	-3.8066	0.00603339
	101	-3.78154	-3.80635	0.00597875
	102	-3.88187	-3.80709	0.00596581
	103	-3.77919	-3.80682	0.00591403
	104	-3.84348	-3.80717	0.00586766
	105	-3.87621	-3.80783	0.0058485
	106	-3.78066	-3.80757	0.00579894
	107	-3.82788	-3.80776	0.00574784
	108	-3.844	-3.8081	0.00570441
	109	-3.76887	-3.80774	0.00566342
	110	-3.81804	-3.80783	0.0056127
	111	-3.90363	-3.8087	0.0056281
	112	-3.86464	-3.8092	0.00559997
	113	-3.86968	-3.80973	0.00557594
	114	-3.88275	-3.81037	0.00556369
	115	-3.84133	-3.81064	0.00552182
	116	-3.81079	-3.81064	0.00547422
	117	-3.84136	-3.8109	0.00543372
	118	-3.78893	-3.81072	0.00539087
	119	-3.80227	-3.81065	0.00534603
	120	-3.7836	-3.81042	0.00530623
	121	-3.7573	-3.80998	0.00528051
	122	-3.72876	-3.80932	0.00527903
	123	-3.82947	-3.80948	0.00523865
	124	-3.85813	-3.80987	0.00521108
	125	-3.78354	-3.80966	0.00517364
	126	-3.80446	-3.80962	0.00513275
	127	-3.87288	-3.81012	0.00511645
	128	-3.77501	-3.80984	0.00508382
	129	-3.74069	-3.80931	0.00507259
	130	-3.79845	-3.80923	0.00503426
	131	-3.84795	-3.80952	0.00500451
	132	-3.79461	-3.80941	0.00496787
	133	-3.81083	-3.80942	0.00493053
	134	-3.77575	-3.80917	0.00490013
	135	-3.79213	-3.80904	0.00486546
	136	-3.86461	-3.80945	0.00484681
	137	-3.76474	-3.80912	0.00482241
	138	-3.78176	-3.80893	0.00479154
	139	-3.77818	-3.8087	0.00476217
	140	-3.78308	-3.80852	0.00473167
	141	-3.80551	-3.8085	0.00469816
	142	-3.83468	-3.80868	0.00466869
	143	-3.82649	-3.80881	0.00463771
	144	-3.87253	-3.80925	0.00462656
	145	-3.93155	-3.81009	0.0046709
	146	-3.85458	-3.8104	0.00464884
	147	-3.87447	-3.81084	0.0046376
	148	-3.8678	-3.81122	0.00462221
	149	-3.90009	-3.81182	0.00462951
	150	-3.78322	-3.81163	0.00460257
	151	-3.78013	-3.81142	0.00457682
	152	-3.72617	-3.81086	0.00458094
	153	-3.80445	-3.81081	0.00455119
	154	-3.83429	-3.81097	0.00452419
	155	-3.8325	-3.81111	0.00449713
	156	-3.86839	-3.81147	0.00448327
	157	-3.86461	-3.81181	0.00446747
	158	-3.87406	-3.81221	0.00445653
	159	-3.83859	-3.81237	0.00443159
	160	-3.80134	-3.8123	0.00440443
	161	-3.87014	-3.81266	0.0043917
	162	-3.94765	-3.81349	0.00444293
	163	-3.87509	-3.81387	0.00443171
	164	-3.80906	-3.81384	0.00440479
	165	-3.85896	-3.81412	0.00438657
	166	-3.83689	-3.81425	0.00436229
	167	-3.82305	-3.81431	0.00433649
	168	-3.74965	-3.81392	0.00432772
	169	-3.83091	-3.81402	0.00430328
	170	-3.79796	-3.81393	0.004279
	171	-3.79783	-3.81383	0.00425501
	172	-3.8358	-3.81396	0.00423219
	173	-3.83082	-3.81406	0.00420885
	174	-3.83998	-3.81421	0.0041873
	175	-3.74755	-3.81383	0.00418066
	176	-3.77126	-3.81359	0.00416389
	177	-3.84336	-3.81375	0.00414377
	178	-3.73244	-3.8133	0.00414559
	179	-3.84662	-3.81348	0.00412661
	180	-3.72067	-3.81297	0.00413577
	181	-3.75762	-3.81266	0.00412421
	182	-3.71163	-3.81211	0.00413874
	183	-3.77812	-3.81192	0.00412029
	184	-3.79396	-3.81182	0.00409905
	185	-3.86962	-3.81214	0.00408879
	186	-3.87429	-3.81247	0.00408043
	187	-3.86187	-3.81273	0.00406716
	188	-3.89391	-3.81317	0.00406838
	189	-3.82222	-3.81321	0.00404714
	190	-3.756	-3.81291	0.00403702
	191	-3.84704	-3.81309	0.00401984
	192	-3.89594	-3.81352	0.004022
	193	-3.88307	-3.81388	0.00401727
	194	-3.85374	-3.81409	0.00400181
	195	-3.81692	-3.8141	0.00398132
	196	-3.84483	-3.81426	0.00396409
	197	-3.86808	-3.81453	0.00395337
	198	-3.81337	-3.81453	0.00393341
	199	-3.81238	-3.81452	0.00391366
	200	-3.81116	-3.8145	0.00389412
