#Blk	Blk_Energy	Global_energy	Stdev_Energy	Current_mu	Current sigma	Blk_Acceptance
1	-0.229594	-0.229594	0	0.272722	-1.03688	0.843932	
2	-0.249073	-0.239334	0.00688682	0.762513	-0.948519	0.847903	
3	-0.221698	-0.233455	0.0066421	0.741939	-0.787209	0.785325	
4	-0.271647	-0.243003	0.00965336	0.434192	-0.648312	0.855068	
5	-0.335959	-0.261594	0.0183343	0.854297	-0.613349	0.864778	
6	-0.325036	-0.272168	0.0180721	0.80292	-0.478894	0.820107	
7	-0.367717	-0.285818	0.0199913	0.71463	-0.581855	0.844172	
8	-0.352476	-0.29415	0.0191503	0.813908	-0.737666	0.833372	
9	-0.406925	-0.306681	0.0207204	0.791849	-0.496586	0.850362	
10	-0.385028	-0.314515	0.020075	0.48768	-0.715782	0.841193	
11	-0.242972	-0.308011	0.0192748	0.265789	-0.988494	0.742694	
12	-0.331341	-0.309956	0.0177663	0.62804	-0.750563	0.797938	
13	-0.348961	-0.312956	0.0166511	0.78234	-0.509682	0.810022	
14	-0.37008	-0.317036	0.0159538	0.651539	-0.568647	0.81519	
15	-0.384065	-0.321505	0.0155034	0.701948	-0.706253	0.77419	
16	-0.337339	-0.322495	0.014566	0.53419	-0.731422	0.786859	
17	-0.395137	-0.326768	0.0143223	0.779823	-0.578144	0.821377	
18	-0.334118	-0.327176	0.0135324	0.715574	-0.668133	0.777631	
19	-0.350137	-0.328384	0.012874	0.836783	-0.491042	0.780125	
20	-0.409024	-0.332416	0.0128462	0.822972	-0.698599	0.762906	
21	-0.352791	-0.333387	0.0122711	0.754383	-0.742355	0.742029	
22	-0.383023	-0.335643	0.0119189	0.862849	-0.68033	0.781789	
23	-0.404634	-0.338643	0.0117721	0.782288	-0.628868	0.783446	
24	-0.403866	-0.34136	0.011591	0.91153	-0.636892	0.774197	
25	-0.371637	-0.342571	0.0111905	0.927074	-0.574158	0.720252	
26	-0.345985	-0.342703	0.0107608	0.531363	-0.69585	0.730354	
27	-0.39022	-0.344462	0.0105052	0.778205	-0.740965	0.760647	
28	-0.397583	-0.34636	0.0102999	0.679566	-0.634058	0.779746	
29	-0.391808	-0.347927	0.0100633	0.58315	-0.875907	0.751814	
30	-0.320481	-0.347012	0.00976932	0.594185	-0.659665	0.717097	
31	-0.409659	-0.349033	0.00966094	0.750568	-0.616753	0.746754	
32	-0.175201	-0.343601	0.0107786	0.887239	-0.974719	0.648365	
33	-0.280682	-0.341694	0.0106193	0.740993	-0.664114	0.680519	
34	-0.426167	-0.344178	0.0105936	0.833909	-0.586995	0.760077	
35	-0.346728	-0.344251	0.0102912	0.821288	-0.562118	0.665791	
36	-0.396128	-0.345692	0.0101057	0.702341	-0.541241	0.732852	
37	-0.380757	-0.34664	0.00987691	0.887033	-0.665724	0.699654	
38	-0.414636	-0.348429	0.00977774	0.698456	-0.699577	0.72642	
39	-0.395917	-0.349647	0.00960254	0.918665	-0.638103	0.677623	
40	-0.283686	-0.347998	0.00950302	0.784297	-0.688777	0.658184	
41	-0.413005	-0.349584	0.00940257	0.739439	-0.623263	0.713594	
42	-0.406686	-0.350943	0.00927648	0.709629	-0.719251	0.744538	
43	-0.392538	-0.35191	0.00911104	0.973519	-0.615779	0.673781	
44	-0.375405	-0.352444	0.00891961	0.691812	-0.557036	0.716338	
45	-0.425591	-0.35407	0.00886827	0.8769	-0.592924	0.720997	
46	-0.43165	-0.355756	0.00883439	0.765121	-0.583423	0.727808	
47	-0.421454	-0.357154	0.00875631	0.803337	-0.744935	0.72603	
48	-0.409543	-0.358246	0.00864164	0.66292	-0.608193	0.695171	
49	-0.415413	-0.359412	0.00854367	0.711962	-0.548788	0.719155	
50	-0.410495	-0.360434	0.00843366	0.712236	-0.704186	0.721033	
51	-0.404494	-0.361298	0.00831243	0.857515	-0.724423	0.695491	
52	-0.389331	-0.361837	0.00817004	0.630258	-0.556264	0.668014	
53	-0.398074	-0.362521	0.00804444	0.809788	-0.604165	0.710842	
54	-0.421672	-0.363616	0.0079697	0.847554	-0.646586	0.714561	
55	-0.434072	-0.364897	0.00792708	0.89829	-0.577442	0.729194	
56	-0.426034	-0.365989	0.00786034	0.915427	-0.662268	0.69177	
57	-0.419201	-0.366922	0.00777768	0.831816	-0.662648	0.693202	
58	-0.421802	-0.367869	0.00770092	0.843941	-0.742728	0.668639	
59	-0.429287	-0.36891	0.00764044	0.763118	-0.641734	0.663373	
60	-0.437343	-0.37005	0.00759775	0.832188	-0.568351	0.695038	
61	-0.434316	-0.371104	0.00754589	0.736286	-0.692674	0.731245	
62	-0.415808	-0.371825	0.00745855	0.695663	-0.734121	0.676332	
63	-0.408486	-0.372407	0.00736282	0.850208	-0.647868	0.64829	
64	-0.438812	-0.373444	0.00732052	0.806067	-0.625269	0.675086	
65	-0.427625	-0.374278	0.0072552	0.794167	-0.717294	0.67573	
66	-0.380026	-0.374365	0.0071458	0.737733	-0.793872	0.61809	
67	-0.375551	-0.374383	0.00703917	0.748704	-0.711381	0.629278	
68	-0.416761	-0.375006	0.00696318	0.757522	-0.714275	0.650319	
69	-0.377758	-0.375046	0.00686238	0.748182	-0.791883	0.618643	
70	-0.368095	-0.374946	0.00676507	0.727323	-0.721915	0.620807	
71	-0.409857	-0.375438	0.00668763	0.710978	-0.669105	0.680244	
72	-0.426199	-0.376143	0.0066318	0.720358	-0.653299	0.708709	
73	-0.417629	-0.376711	0.00656526	0.717083	-0.668883	0.716612	
74	-0.429584	-0.377426	0.0065153	0.752036	-0.672095	0.708339	
75	-0.424709	-0.378056	0.00645886	0.775845	-0.67999	0.680658	
76	-0.437296	-0.378836	0.00642074	0.784426	-0.65751	0.646141	
77	-0.441121	-0.379645	0.0063881	0.812891	-0.65082	0.671772	
78	-0.442426	-0.38045	0.00635671	0.795762	-0.661081	0.675275	
79	-0.436427	-0.381158	0.00631561	0.790859	-0.681348	0.655995	
80	-0.435432	-0.381837	0.006273	0.793808	-0.676186	0.658309	
81	-0.431784	-0.382453	0.00622579	0.793227	-0.681216	0.6563	
82	-0.435039	-0.383095	0.00618281	0.80468	-0.675406	0.648667	
83	-0.435635	-0.383728	0.00614063	0.820071	-0.673536	0.64883	
84	-0.435555	-0.384345	0.00609845	0.817664	-0.669793	0.649583	
85	-0.43697	-0.384964	0.00605805	0.825566	-0.666632	0.634336	
86	-0.434406	-0.385539	0.00601482	0.82883	-0.669061	0.661911	
87	-0.437691	-0.386138	0.00597548	0.829253	-0.667232	0.636671	
88	-0.435349	-0.386697	0.00593369	0.83204	-0.666549	0.625852	
89	-0.435935	-0.38725	0.00589275	0.832995	-0.666924	0.64065	
90	-0.434496	-0.387775	0.00585061	0.833883	-0.668856	0.646077	
91	-0.433562	-0.388279	0.00580792	0.834696	-0.667677	0.634879	
92	-0.433368	-0.388769	0.00576543	0.832684	-0.670791	0.652759	
93	-0.433623	-0.389251	0.00572357	0.83262	-0.672124	0.610055	
94	-0.433816	-0.389725	0.00568228	0.832038	-0.673372	0.625949	
95	-0.432172	-0.390172	0.00564001	0.831384	-0.673219	0.653738	
96	-0.433095	-0.390619	0.00559895	0.831537	-0.674494	0.647582	
97	-0.429872	-0.391024	0.00555584	0.83246	-0.674108	0.616412	
98	-0.432483	-0.391447	0.00551523	0.8324	-0.674664	0.645721	
99	-0.431502	-0.391851	0.00547434	0.832038	-0.675184	0.621099	
100	-0.432241	-0.392255	0.00543448	0.831989	-0.674976	0.607489	
101	-0.432587	-0.392655	0.00539532	0.832227	-0.674704	0.65176	
102	-0.431694	-0.393037	0.00535598	0.832222	-0.674719	0.631343	
103	-0.432431	-0.39342	0.00531762	0.832263	-0.674631	0.616725	
104	-0.431565	-0.393787	0.00527913	0.832266	-0.674709	0.63836	
105	-0.432023	-0.394151	0.00524139	0.83235	-0.674884	0.609241	
106	-0.431772	-0.394506	0.00520395	0.832206	-0.674737	0.627919	
107	-0.431304	-0.394849	0.00516666	0.832297	-0.674748	0.6282	
108	-0.430478	-0.395179	0.00512935	0.832302	-0.674846	0.616554	
109	-0.432249	-0.395519	0.00509355	0.832321	-0.674929	0.621097	
110	-0.430446	-0.395837	0.00505713	0.832285	-0.67495	0.640795	
111	-0.432193	-0.396165	0.00502217	0.832299	-0.674974	0.608935	
112	-0.43188	-0.396483	0.00498744	0.832314	-0.674947	0.620243	
113	-0.432327	-0.396801	0.00495338	0.832319	-0.674946	0.626775	
114	-0.431613	-0.397106	0.00491933	0.832318	-0.674957	0.623926	
115	-0.432552	-0.397414	0.0048862	0.832316	-0.674962	0.626858	
116	-0.430989	-0.397704	0.00485265	0.832312	-0.674971	0.64791	
117	-0.432124	-0.397998	0.00482008	0.832316	-0.674972	0.618819	
118	-0.432443	-0.39829	0.00478806	0.832316	-0.674972	0.608011	
119	-0.432308	-0.398576	0.00475635	0.832316	-0.674974	0.602092	
120	-0.431989	-0.398854	0.00472486	0.832318	-0.674976	0.627418	
121	-0.431076	-0.39912	0.00469331	0.832316	-0.674975	0.61991	
122	-0.432066	-0.39939	0.0046626	0.832317	-0.674976	0.618582	
123	-0.431255	-0.399649	0.00463189	0.832316	-0.674976	0.593229	
124	-0.431354	-0.399905	0.00460158	0.832317	-0.674976	0.607968	
125	-0.431304	-0.400156	0.00457162	0.832317	-0.674977	0.600267	
126	-0.433245	-0.400419	0.00454288	0.832317	-0.674977	0.617516	
127	-0.432318	-0.40067	0.00451404	0.832317	-0.674977	0.623007	
128	-0.43212	-0.400916	0.00448546	0.832317	-0.674976	0.624917	
129	-0.432372	-0.40116	0.00445731	0.832317	-0.674977	0.622938	
130	-0.431756	-0.401395	0.00442923	0.832317	-0.674977	0.645416	
131	-0.432566	-0.401633	0.00440181	0.832317	-0.674977	0.577706	
132	-0.431821	-0.401862	0.0043744	0.832317	-0.674977	0.604808	
133	-0.431954	-0.402088	0.00434736	0.832317	-0.674977	0.630163	
134	-0.432613	-0.402316	0.00432088	0.832317	-0.674977	0.607271	
135	-0.432217	-0.402537	0.00429454	0.832317	-0.674977	0.607784	
136	-0.433619	-0.402766	0.00426904	0.832317	-0.674977	0.606988	
137	-0.432155	-0.40298	0.00424327	0.832317	-0.674977	0.634814	
138	-0.431681	-0.403188	0.00421761	0.832317	-0.674977	0.607811	
139	-0.43297	-0.403403	0.00419271	0.832317	-0.674977	0.601128	
140	-0.431454	-0.403603	0.00416755	0.832317	-0.674977	0.572273	
141	-0.430153	-0.403791	0.00414224	0.832317	-0.674977	0.597643	
142	-0.432206	-0.403991	0.0041179	0.832317	-0.674977	0.626873	
143	-0.430709	-0.404178	0.00409334	0.832317	-0.674977	0.60738	
144	-0.43174	-0.40437	0.00406939	0.832317	-0.674977	0.605878	
145	-0.431444	-0.404556	0.00404561	0.832317	-0.674977	0.59936	
146	-0.433031	-0.404751	0.00402259	0.832317	-0.674977	0.640584	
147	-0.433416	-0.404946	0.00399995	0.832317	-0.674977	0.602129	
148	-0.433037	-0.405136	0.00397743	0.832317	-0.674977	0.599287	
149	-0.431825	-0.405315	0.00395476	0.832317	-0.674977	0.583875	
150	-0.431959	-0.405493	0.00393239	0.832317	-0.674977	0.598791	
151	-0.432849	-0.405674	0.00391052	0.832317	-0.674977	0.628896	
152	-0.431513	-0.405844	0.00388848	0.832317	-0.674977	0.57857	
153	-0.432146	-0.406016	0.00386686	0.832317	-0.674977	0.605161	
154	-0.431712	-0.406183	0.00384535	0.832317	-0.674977	0.603875	
155	-0.43191	-0.406349	0.00382413	0.832317	-0.674977	0.638309	
156	-0.43095	-0.406506	0.00380286	0.832317	-0.674977	0.601245	
157	-0.432326	-0.406671	0.00378219	0.832317	-0.674977	0.598586	
158	-0.43379	-0.406843	0.00376215	0.832317	-0.674977	0.599408	
159	-0.431736	-0.406999	0.00374174	0.832317	-0.674977	0.593381	
160	-0.430016	-0.407143	0.00372112	0.832317	-0.674977	0.618738	
161	-0.433391	-0.407306	0.00370158	0.832317	-0.674977	0.606428	
162	-0.432224	-0.40746	0.00368192	0.832317	-0.674977	0.629209	
163	-0.431739	-0.407609	0.00366235	0.832317	-0.674977	0.603468	
164	-0.431268	-0.407753	0.00364286	0.832317	-0.674977	0.60365	
165	-0.43061	-0.407892	0.00362341	0.832317	-0.674977	0.605837	
166	-0.434444	-0.408052	0.00360511	0.832317	-0.674977	0.608174	
167	-0.431066	-0.408189	0.00358616	0.832317	-0.674977	0.624678	
168	-0.432264	-0.408333	0.00356767	0.832317	-0.674977	0.603017	
169	-0.43294	-0.408478	0.00354953	0.832317	-0.674977	0.631504	
170	-0.432159	-0.408618	0.00353139	0.832317	-0.674977	0.605846	
171	-0.431599	-0.408752	0.00351329	0.832317	-0.674977	0.585274	
172	-0.431438	-0.408884	0.00349534	0.832317	-0.674977	0.606364	
