y uniforme	x esponenziale	x Cauchy_Lorenz	x gaussiana
 	 	 	 
0.122649	0.163561	0.0268888	0.448159
0.729649	1.63504	0.695933	1.41162
0.477115	0.810491	0.505596	-0.496707
0.705029	1.5261	0.670193	0.80393
0.656019	1.33396	0.626715	-0.817492
0.371496	0.580517	0.434566	-0.824677
0.776048	1.8704	0.755737	0.229079
0.168325	0.230391	0.17772	-0.266897
0.279233	0.409299	0.353732	-0.229958
0.0173017	0.0218164	-3.1559	-0.0932588
0.0646429	0.0835336	-0.45125	-0.365431
0.233157	0.331841	0.29763	0.682896
0.493226	0.849613	0.515743	-1.16508
0.479138	0.815337	0.506873	0.041186
0.257893	0.372828	0.329681	0.770595
0.471797	0.797842	0.502233	-0.57463
0.616809	1.19903	0.596876	-0.670836
0.0839539	0.109611	-0.220632	0.35254
0.931865	3.35784	1.44004	-2.31712
0.501858	0.871087	0.521167	0.179434
0.686006	1.44798	0.652282	1.1138
0.651955	1.31928	0.623457	1.41556
0.67838	1.41798	0.645501	0.871621
0.12096	0.161156	0.0192741	-0.459647
0.577269	1.07627	0.569526	-1.10796
0.0527608	0.0677546	-0.675544	0.0948195
0.765764	1.81428	0.74086	-0.316448
0.22611	0.320407	0.287477	-0.0242416
0.918855	3.1394	1.28748	-0.826677
0.813285	2.09772	0.820926	0.206098
0.133804	0.179555	0.0725738	0.176735
0.713423	1.56218	0.67861	1.02129
0.985475	5.28987	4.89994	1.72445
0.272751	0.398109	0.346726	0.798077
0.53815	0.965645	0.544086	1.21765
0.48153	0.82109	0.508382	0.0423741
0.214718	0.302141	0.269906	0.0778559
0.114256	0.151659	-0.0130515	-0.147865
0.259028	0.374741	0.331035	0.598106
0.902262	2.90683	1.15075	1.62566
0.239596	0.342382	0.306479	-0.64474
0.74877	1.72673	0.718461	-1.27479
0.201218	0.280834	0.246928	0.563929
0.674932	1.40465	0.642501	0.588607
0.399912	0.638348	0.454955	0.895052
0.98646	5.3776	5.21881	2.44426
0.436887	0.717844	0.479817	0.192186
0.845767	2.33661	0.899944	-0.320025
0.576023	1.07259	0.568696	-1.04162
0.701668	1.51193	0.666915	-1.26936
0.279945	0.410534	0.354487	-0.314677
0.95178	3.78997	1.83012	-1.11502
0.881923	2.67053	1.0342	2.00078
0.781925	1.90364	0.764757	0.122102
0.830226	2.21661	0.858731	-1.44234
0.738611	1.67718	0.706177	1.29296
0.260434	0.377114	0.332699	-0.608648
0.547801	0.99204	0.550262	0.662403
0.587904	1.10812	0.57668	-0.933386
0.704587	1.52423	0.669759	-0.527547
0.341636	0.522496	0.411384	-0.912507
0.0394158	0.0502671	-1.08687	-0.184601
0.213132	0.299618	0.267334	0.0161555
0.838501	2.27907	0.879776	-0.0922161
0.0565693	0.0727904	-0.593508	0.160293
0.08691	0.113651	-0.194211	-0.192591
0.793058	1.96914	0.783017	1.12187
0.346334	0.531448	0.415176	-0.839106
0.441541	0.728218	0.482851	-0.418505
0.916148	3.09838	1.26158	0.676828
0.077921	0.101406	-0.280621	0.399768
0.902376	2.90829	1.15154	-1.93344
0.82428	2.17358	0.844719	-1.48163
0.187432	0.259445	0.22054	0.643316
0.0600852	0.0774575	-0.526915	0.259391
0.0129601	0.016306	-4.38944	0.111878
0.151512	0.205375	0.132046	-0.0804105
0.823965	2.17134	0.844001	-1.85666
0.994451	6.49261	11.991	-2.02665
0.446211	0.738714	0.485878	-1.06989
0.598408	1.1404	0.58388	1.35073
0.758309	1.77512	0.730724	0.527062
0.495809	0.856001	0.517367	-0.760115
0.359	0.555908	0.425119	0.756447
0.793687	1.97295	0.784099	1.74126
0.809048	2.06967	0.812406	-0.723155
0.698306	1.49793	0.663689	-0.922936
0.742493	1.69588	0.710782	-1.31076
6.50839e-05	8.13575e-05	-977.633	-0.00949712
0.296364	0.439367	0.371171	-0.704913
0.624291	1.22367	0.602321	-1.0261
0.110417	0.146253	-0.0332463	-0.448442
0.408033	0.655381	0.460552	-0.348177
0.714217	1.56565	0.679424	-1.1722
0.884437	2.69743	1.04647	1.92846
0.969434	4.35985	2.59639	2.6409
0.331877	0.504104	0.403307	-0.699513
0.798294	2.00118	0.792197	-0.549336
0.618143	1.20339	0.597839	1.12105
0.538703	0.967142	0.544438	1.20677
0.540154	0.971079	0.545364	0.878323
0.662891	1.35919	0.632328	1.26831
0.182797	0.252335	0.210889	0.0342091
0.425977	0.693857	0.472633	0.238829
0.20874	0.292661	0.260044	0.139223
0.326359	0.493823	0.398612	0.855067
0.512642	0.898447	0.527948	0.229275
0.520307	0.918261	0.532777	-0.732492
0.0528965	0.0679336	-0.67242	-0.137979
0.903759	2.92613	1.16121	0.464574
0.292556	0.432621	0.36742	-0.464179
0.226655	0.321287	0.28828	0.628736
0.0756727	0.0983614	-0.305371	0.267704
0.016809	0.0211899	-3.26385	0.0905602
0.129179	0.172898	0.0545361	-0.448571
0.345451	0.529762	0.414468	0.877774
0.063329	0.081779	-0.471958	0.0510688
0.55524	1.01278	0.555061	0.185922
0.75144	1.74009	0.721818	0.0285442
0.390382	0.618653	0.448266	-0.199096
0.464306	0.780241	0.497479	1.06899
0.82013	2.1444	0.835434	1.02506
0.934629	3.40959	1.48012	1.65662
0.9404	3.52513	1.57565	-1.07669
0.606644	1.1663	0.589631	-1.30934
0.288776	0.42596	0.363629	-0.493279
0.316772	0.476158	0.390212	0.0404667
0.737219	1.67054	0.704551	1.61236
0.339593	0.518624	0.409716	0.0190616
0.762162	1.79521	0.735898	-0.185257
0.563199	1.03535	0.560239	1.2
0.667245	1.37544	0.635955	1.39628
0.128552	0.171999	0.0519969	-0.49571
0.49004	0.841778	0.51374	-0.291322
0.434761	0.713133	0.478425	-0.908653
0.507188	0.884534	0.524517	-1.16227
0.38828	0.61435	0.446772	0.625707
0.0151544	0.0190879	-3.67773	0.136122
0.227309	0.322345	0.289241	0.241055
0.365263	0.568182	0.429896	0.757868
0.407734	0.65475	0.460348	0.565337
0.937103	3.45782	1.51895	-1.98997
0.774618	1.86245	0.753602	-1.45739
0.115197	0.152987	-0.00829756	0.470611
0.600722	1.14762	0.585486	0.871435
0.567818	1.04863	0.563268	0.90444
0.744077	1.7036	0.712691	-1.08838
0.797921	1.99887	0.791528	-0.52267
0.0099059	0.0124441	-5.9046	0.119613
0.53464	0.956179	0.541851	1.23032
0.304051	0.453098	0.378545	-0.461224
0.956131	3.90817	1.96197	-2.17997
0.997593	7.53665	26.9667	1.36242
0.783439	1.91236	0.767148	-0.716308
0.403962	0.646813	0.457757	0.656788
0.169572	0.232267	0.180778	0.521368
0.875059	2.5999	1.0031	1.89803
0.143219	0.193217	0.105902	-0.541402
0.8827	2.67878	1.03794	-2.04771
0.674181	1.40177	0.641853	0.40723
0.853052	2.3971	0.922005	-0.965301
0.635123	1.26024	0.610397	1.26923
0.40814	0.655607	0.460625	0.317588
0.875931	2.60864	1.00686	-1.76572
0.139451	0.187731	0.0930679	0.118629
0.0427567	0.0546221	-0.95997	-0.0630752
0.85009	2.37215	0.912796	-1.5186
0.810467	2.07899	0.815223	1.81486
0.265938	0.386452	0.339089	0.786295
0.907214	2.97182	1.18657	-1.21146
0.101164	0.133318	-0.0879626	0.454636
0.152361	0.206626	0.134573	0.533984
0.793889	1.97418	0.784448	-0.814498
0.069179	0.0896103	-0.385716	-0.334262
0.584638	1.09826	0.574469	-0.774303
0.24302	0.348023	0.311031	-0.234127
0.430544	0.703842	0.475653	-0.763341
0.151972	0.206052	0.133418	-0.442771
0.725472	1.61588	0.69133	-0.149548
0.784065	1.91597	0.768143	-1.40494
0.27989	0.410439	0.354429	-0.382957
0.963373	4.13372	2.25045	-0.793531
0.510307	0.89247	0.526478	0.752284
0.333182	0.506547	0.404403	-0.840102
0.458542	0.766863	0.493803	-0.904957
0.690562	1.46625	0.656436	-0.0972081
0.924314	3.22646	1.34523	-0.911576
0.542215	0.976694	0.546681	0.831845
0.625262	1.22691	0.603035	-1.24264
0.971477	4.44632	2.74601	-1.37021
0.527443	0.936996	0.537286	-0.370415
0.192492	0.267253	0.230609	-0.308827
0.10362	0.136739	-0.07252	-0.463059
0.447408	0.741418	0.486651	0.623311
0.71965	1.58965	0.685085	0.801296
0.510107	0.89196	0.526353	0.802194
0.220677	0.311663	0.279287	-0.349888
0.235575	0.335788	0.300998	0.699644
0.344377	0.527712	0.413604	0.649284
0.984122	5.17854	4.52616	-0.254396
0.240384	0.343679	0.307537	-0.724888
0.906995	2.96887	1.18491	1.99171
0.191588	0.265855	0.228845	0.370457
0.963389	4.13426	2.2512	-1.98553
0.838807	2.28144	0.880591	-0.747437
0.0138574	0.0174429	-4.07117	0.133462
0.686339	1.4493	0.652583	0.516377
0.672912	1.39691	0.640763	1.21898
0.449103	0.74526	0.487745	0.488218
0.982161	5.03298	4.08501	2.12222
0.585922	1.10213	0.575337	-0.0262764
0.968427	4.31933	2.52974	-0.179123
0.99756	7.51977	26.612	0.404888
0.269321	0.392227	0.342917	0.524185
0.85826	2.44221	0.939062	0.967719
0.138084	0.185747	0.0882515	0.0969755
0.557847	1.02012	0.556752	0.970642
0.0829585	0.108253	-0.229942	0.28908
0.0763337	0.0992556	-0.297946	-0.262123
0.362877	0.56349	0.428086	-0.948669
0.26901	0.391695	0.342568	0.787744
0.666051	1.37096	0.634955	-0.90975
0.638015	1.27019	0.612594	1.42505
0.0626834	0.0809177	-0.482449	-0.355472
0.493584	0.850497	0.515968	0.0100867
0.17513	0.240662	0.193929	-0.530861
0.907819	2.98	1.19121	2.04361
0.282516	0.415006	0.357191	0.156158
0.63556	1.26174	0.610727	0.894931
0.512163	0.897217	0.527646	1.12339
0.976671	4.6976	3.24404	-2.62238
0.513823	0.901477	0.528691	-0.692874
0.293807	0.434833	0.36866	0.699665
0.11728	0.155935	0.00196952	-0.446816
0.147904	0.20007	0.121005	0.315314
0.898408	2.85849	1.12522	-1.06868
0.494909	0.853772	0.516801	-0.739901
0.688462	1.45779	0.654511	1.13448
0.482314	0.822983	0.508876	1.1407
0.627778	1.23533	0.604895	-0.847835
0.630232	1.2436	0.606721	-0.0388905
0.0657914	0.0850694	-0.433815	-0.321424
0.772209	1.84916	0.750054	0.587421
0.528452	0.939667	0.537924	-1.21737
0.415391	0.671015	0.46555	-0.355103
0.101884	0.13432	-0.0833626	0.00987346
0.163992	0.223896	0.166767	-0.471339
0.314009	0.471113	0.387731	-0.227415
0.696163	1.48908	0.661656	-0.682739
0.236551	0.337386	0.302343	0.724672
0.310928	0.465512	0.384931	0.609938
0.787386	1.93535	0.773513	-1.15045
0.243234	0.348377	0.311312	0.610769
0.702778	1.5166	0.667993	-0.431983
0.412367	0.664566	0.463504	0.0797426
0.392162	0.622309	0.449527	-0.900821
0.809043	2.06963	0.812396	-1.22484
0.812555	2.09284	0.819433	-1.07764
0.782783	1.90857	0.766108	1.48117
0.939308	3.50244	1.5562	2.36177
0.663318	1.36077	0.632681	-1.15997
0.605093	1.16138	0.588541	0.328382
0.693617	1.47865	0.659269	-1.49132
0.0761195	0.0989657	-0.300339	-0.387206
0.579802	1.08379	0.571218	-1.0396
0.286446	0.421872	0.361256	0.796477
0.143016	0.192921	0.105227	0.199599
0.116767	0.155208	-0.000527617	-0.120425
0.814981	2.10912	0.824431	-1.00175
0.348534	0.535662	0.416932	0.547192
0.933158	3.38178	1.45838	2.27969
0.219155	0.309224	0.276931	0.630228
0.000519626	0.000649701	-121.995	0.0018593
0.0270522	0.034281	-1.82764	0.115279
0.971983	4.4687	2.78642	-2.60013
0.570499	1.05641	0.565035	0.311682
0.0644457	0.0832701	-0.454304	-0.115975
0.841746	2.30444	0.888572	0.636786
0.0657457	0.0850082	-0.434498	-0.0578122
0.234265	0.33365	0.299181	-0.572149
0.302	0.449421	0.376603	-0.302065
0.358985	0.555877	0.425107	-0.766409
0.630908	1.24589	0.607226	0.646698
0.613867	1.18947	0.594762	0.53178
0.535423	0.958284	0.542349	0.635895
0.0255961	0.0324117	-1.96182	0.0707367
0.728528	1.62987	0.694686	-1.19378
0.103727	0.136888	-0.0718636	-0.443765
0.932798	3.37506	1.4532	1.57968
0.944363	3.61114	1.65257	0.0857827
0.611366	1.1814	0.592976	1.3364
0.426059	0.694037	0.472688	0.620366
0.499454	0.86507	0.519657	0.834824
0.795605	1.98463	0.787432	1.70477
0.573597	1.06546	0.567084	-0.194859
0.391959	0.621891	0.449383	-0.977151
0.511267	0.894923	0.527082	-0.108285
0.755724	1.76182	0.727326	-1.60611
0.305053	0.4549	0.379487	-0.833875
0.378119	0.593758	0.439444	-0.796133
0.227562	0.322755	0.289611	-0.0371777
0.222599	0.314749	0.282222	-0.622369
0.176616	0.242915	0.197318	-0.20137
0.675733	1.40773	0.643194	1.48555
0.102202	0.134762	-0.0813521	0.0403795
0.429182	0.700856	0.474755	1.05311
0.920404	3.16349	1.30307	-2.24626
0.0458637	0.0586859	-0.85845	0.25571
0.404764	0.648497	0.45831	-0.921325
0.610643	1.17907	0.592461	-0.390631
0.018075	0.0228004	-2.99832	0.18675
0.305815	0.456272	0.380202	0.753985
0.669617	1.38438	0.637955	1.22058
0.286895	0.422659	0.361716	-0.245743
0.77263	1.85147	0.75067	-1.71635
0.573755	1.06593	0.567189	0.939612
0.709016	1.54311	0.674148	0.0234109
0.431311	0.705526	0.476159	-0.58419
0.513741	0.901268	0.528639	0.0606774
0.914085	3.06799	1.2429	1.58743
0.057243	0.0736834	-0.58012	0.24728
0.817917	2.12912	0.830638	1.51157
0.673723	1.40001	0.641459	0.80961
0.553785	1.00869	0.554119	-1.03133
0.656145	1.33442	0.626817	1.29801
0.673372	1.39867	0.641158	-1.47008
0.570868	1.05749	0.565278	0.586432
0.580197	1.08496	0.571483	-1.01806
0.348291	0.535196	0.416739	-0.914743
0.906471	2.96185	1.18096	-1.06704
0.649006	1.30873	0.621119	-1.31253
0.0834361	0.108904	-0.225447	-0.172767
0.31234	0.468076	0.386219	-0.660468
0.646935	1.30138	0.619491	-1.35065
0.646719	1.30061	0.619322	-0.367244
0.0718629	0.0932198	-0.350778	-0.353057
0.956054	3.90598	1.95942	-1.7073
0.596733	1.1352	0.582722	0.127662
0.706779	1.53354	0.67192	1.1513
0.166787	0.228082	0.173891	0.59525
0.975756	4.64947	3.14079	2.66716
0.781127	1.89908	0.763508	-1.09796
0.78598	1.92711	0.771222	-1.75595
0.0727898	0.0944687	-0.339302	0.167758
0.296905	0.440329	0.371699	-0.274482
0.683175	1.43676	0.64974	-1.51539
0.887631	2.73246	1.06281	1.7424
0.122812	0.163793	0.0276131	-0.366412
0.428794	0.700007	0.474498	0.138168
0.45436	0.757246	0.491126	-0.371911
0.613612	1.18864	0.594578	0.127112
0.812363	2.09156	0.819042	1.15929
0.397258	0.632832	0.453106	-0.86509
0.915526	3.08914	1.25585	1.71949
0.319974	0.482031	0.393053	0.547979
0.164956	0.225339	0.169251	0.122643
0.86263	2.48134	0.954298	1.51167
0.396267	0.630778	0.452413	1.00255
0.759708	1.78237	0.732587	0.50102
0.0111189	0.0139765	-5.20324	0.124408
0.286043	0.421166	0.360843	0.526143
0.107429	0.142061	-0.0499243	0.459568
0.508371	0.887538	0.525261	0.388679
0.816025	2.1162	0.826618	-1.68143
0.0755378	0.0981788	-0.306903	-0.385601
0.700333	1.50636	0.665629	-0.868707
0.692926	1.47583	0.658624	0.828926
0.556079	1.01514	0.555605	-0.482002
0.52428	0.928658	0.535285	1.1309
0.937838	3.47252	1.53108	-2.19081
0.581205	1.08797	0.572159	-1.16806
0.322474	0.486634	0.395246	0.881759
0.0465888	0.0596362	-0.836694	0.109213
0.986332	5.36585	5.17478	2.57252
0.439049	0.722652	0.481228	-0.962037
0.820004	2.14353	0.835158	-1.30633
0.723284	1.60596	0.68896	-1.60287
0.734235	1.65643	0.70111	1.07992
0.724275	1.61044	0.69003	-1.29489
0.732144	1.64663	0.698733	-1.26814
0.486271	0.832573	0.511368	-0.422948
0.751582	1.7408	0.721998	1.63385
0.161239	0.219787	0.159533	0.233877
0.0386292	0.0492439	-1.11993	-0.262688
0.403094	0.644995	0.457159	0.979545
0.0267121	0.0338442	-1.85767	0.0297009
0.526853	0.935437	0.536913	-0.669096
0.799518	2.00879	0.794401	0.921138
0.465603	0.78327	0.498303	-0.0342472
0.450125	0.747581	0.488404	-1.05601
0.0785518	0.102261	-0.273926	-0.271527
0.65995	1.34833	0.62991	-1.3227
0.0426666	0.0545044	-0.963134	0.107211
0.161997	0.220917	0.161547	0.221595
0.466789	0.786046	0.499057	1.03157
0.382544	0.602684	0.442657	-0.568711
0.725305	1.61512	0.691148	1.52258
0.338866	0.517249	0.40912	-0.608375
0.699266	1.50191	0.664605	-0.850703
0.0796116	0.103699	-0.262913	-0.111627
0.673405	1.39879	0.641186	0.251537
0.766476	1.81809	0.741856	-1.53503
0.26121	0.378427	0.333613	-0.72142
0.49511	0.854269	0.516927	-0.296556
0.766581	1.81865	0.742003	-0.676501
0.62974	1.24194	0.606354	1.25384
0.8456	2.33526	0.899461	-1.18233
0.676474	1.41059	0.643838	1.02813
0.867592	2.52733	0.972744	-1.74972
0.347277	0.533254	0.415931	0.923531
0.309392	0.462728	0.383521	-0.060531
0.679214	1.42123	0.646233	-1.50203
0.325081	0.491453	0.39751	0.88428
0.986975	5.42614	5.4051	-0.700002
0.446365	0.739062	0.485978	-1.0346
0.562405	1.03308	0.55972	-1.19019
0.473271	0.801337	0.503166	1.02076
0.820476	2.14681	0.836195	-1.21394
0.954342	3.85823	1.90475	2.22727
0.860899	2.46569	0.948156	0.917834
0.329604	0.499859	0.401384	0.0854902
0.908516	2.98949	1.19662	0.898727
0.574135	1.06704	0.567441	-1.30079
0.960374	4.03533	2.11826	-2.28659
0.947165	3.67572	1.71383	-2.32959
0.255494	0.368793	0.326787	-0.0109968
0.789686	1.94894	0.777314	1.59015
0.354015	0.546224	0.421253	-0.297143
0.947111	3.67445	1.71259	0.881748
0.0306539	0.038917	-1.55037	0.0150018
0.703477	1.51954	0.668673	-1.14659
0.624901	1.22571	0.60277	-1.09976
0.637164	1.26725	0.611945	0.597816
0.624737	1.22516	0.602649	1.39888
0.738392	1.67613	0.70592	0.733262
0.175876	0.241793	0.195637	0.00811929
0.815592	2.11325	0.825708	-1.38858
0.894945	2.81659	1.10383	1.9312
0.666819	1.37384	0.635598	-0.27429
0.21893	0.308864	0.276581	0.143495
0.865972	2.51213	0.966583	1.17163
0.847554	2.35118	0.905175	-1.04147
0.129914	0.173954	0.0574851	-0.34443
0.33886	0.517238	0.409115	0.492168
0.0663728	0.0858476	-0.425216	-0.153881
0.216472	0.304935	0.272711	0.50269
0.284509	0.418483	0.359263	-0.23049
0.0611806	0.0789152	-0.507712	-0.0115775
0.167462	0.229096	0.17558	0.465189
0.917564	3.11966	1.27492	1.33907
0.502315	0.872234	0.521454	-0.77045
0.282034	0.414166	0.356687	-0.777165
0.237409	0.338792	0.303517	-0.724511
0.192503	0.267269	0.230629	0.557629
0.145632	0.196741	0.113792	-0.553468
0.158049	0.215042	0.150859	-0.366328
0.527296	0.936608	0.537193	-0.795414
0.402423	0.64359	0.456695	-0.991742
0.355916	0.549907	0.422734	-0.698702
0.106845	0.141244	-0.0532864	-0.445017
0.679131	1.4209	0.646159	-0.877778
0.890628	2.76625	1.07898	-1.84069
0.516147	0.907467	0.530154	-0.538879
0.934118	3.39986	1.47246	2.29427
0.97939	4.8525	3.60462	1.22262
0.105086	0.138784	-0.063639	-0.340183
0.585059	1.09952	0.574754	1.26397
0.780962	1.89814	0.763251	-1.47743
0.55441	1.01044	0.554524	-0.949379
0.255422	0.368673	0.3267	0.743553
0.850905	2.37896	0.915296	1.56122
0.575337	1.07057	0.56824	0.952911
0.409769	0.659052	0.461737	-0.157644
0.175635	0.241427	0.195086	0.222034
0.814524	2.10604	0.823481	-1.43258
0.974309	4.57703	2.99262	-2.69892
0.0341993	0.0434972	-1.33433	-0.263424
0.772696	1.85183	0.750767	0.681794
0.886112	2.71567	1.05493	1.3678
0.398933	0.636311	0.454274	0.67524
0.919387	3.14761	1.29276	1.23308
0.462729	0.776565	0.496474	-0.258167
0.367176	0.571954	0.431338	-0.243661
0.691375	1.46953	0.657186	1.46976
0.790419	1.9533	0.77854	1.58459
0.33041	0.501362	0.402068	-0.879951
0.788797	1.94367	0.775836	-1.42342
0.164121	0.22409	0.167103	-0.123953
0.597463	1.13746	0.583226	-0.334739
0.393738	0.625554	0.450638	0.37208
0.0893977	0.117061	-0.173298	-0.41949
0.363836	0.565374	0.428815	-0.600798
0.387641	0.613046	0.446317	0.581969
0.3153	0.473468	0.388894	-0.825489
0.339853	0.519116	0.409929	0.899601
0.737673	1.6727	0.70508	-0.029296
0.056913	0.0732459	-0.586639	0.322652
0.172632	0.236883	0.188114	-0.0469964
0.760874	1.78846	0.734154	-1.69161
0.567585	1.04796	0.563115	-0.695341
0.675147	1.40548	0.642688	-1.41096
0.484289	0.827761	0.51012	-0.970795
0.627205	1.23341	0.60447	0.287906
0.0284023	0.0360168	-1.71549	0.235777
0.583416	1.09459	0.573646	1.14252
0.584676	1.09837	0.574495	1.03793
0.31529	0.47345	0.388885	-0.789597
0.0281933	0.0357479	-1.73215	-0.21231
0.780907	1.89782	0.763166	1.61916
0.649735	1.31133	0.621696	1.44674
0.225675	0.319705	0.286833	0.0122084
0.604638	1.15994	0.588221	0.967887
0.249702	0.359106	0.319625	-0.736137
0.197001	0.274253	0.239198	0.627831
0.598504	1.1407	0.583947	0.825133
0.0789069	0.102743	-0.270205	-0.0855889
0.809052	2.06969	0.812415	0.366263
0.71759	1.58049	0.68292	1.49639
0.340108	0.519598	0.410137	-0.809058
0.908743	2.9926	1.19839	-1.24419
0.846602	2.3434	0.902374	1.91657
0.244112	0.349827	0.31246	-0.490803
0.890758	2.76774	1.0797	1.46541
0.235205	0.335184	0.300486	0.360134
0.842407	2.30967	0.890406	-1.42135
0.117523	0.156278	0.00314065	-0.101811
0.888306	2.73999	1.06638	-1.1055
0.482738	0.824007	0.509143	-0.66372
0.982441	5.05272	4.14189	-2.82497
0.987394	5.46699	5.56755	0.0733936
0.91949	3.14922	1.2938	-2.1383
0.0500037	0.0641215	-0.742655	0.235425
0.351628	0.541613	0.41938	-0.844791
0.164073	0.224018	0.166978	0.507953
0.000357946	0.000447512	-177.334	-0.0253893
0.1191	0.158513	0.0106527	0.143962
0.202326	0.282569	0.248912	0.453006
0.837682	2.27275	0.877606	-1.76663
0.589308	1.11239	0.577634	0.868748
0.913566	3.06047	1.23834	1.9439
0.612527	1.18514	0.593803	0.848314
0.387902	0.613578	0.446503	0.920767
0.910902	3.02252	1.21576	-2.19022
0.350791	0.54	0.41872	0.811118
0.478893	0.814749	0.506718	-0.833182
0.0299519	0.0380121	-1.59919	-0.0243966
0.15569	0.211544	0.144236	0.504611
0.962167	4.09321	2.19477	-1.94069
0.233136	0.331807	0.297601	-0.615373
0.376189	0.589885	0.438031	-0.655379
0.720901	1.59524	0.68641	0.919855
0.194586	0.270499	0.234641	0.575944
0.926074	3.25586	1.36562	1.5657
0.139198	0.187363	0.0921825	0.0677857
0.0689734	0.0893343	-0.388502	0.139037
0.759594	1.78178	0.732435	0.44957
0.392074	0.622127	0.449464	-0.538584
0.16126	0.219818	0.159587	-0.448526
0.00548739	0.00687813	-11.0803	0.0545196
0.561758	1.03123	0.559298	0.137177
0.0874563	0.114399	-0.18952	-0.415547
0.226562	0.321137	0.288143	0.383865
0.215195	0.302901	0.270673	0.344041
0.915536	3.08928	1.25594	0.506327
0.889778	2.75657	1.07431	-0.891452
0.696479	1.49038	0.661955	-1.03179
0.744437	1.70536	0.713128	1.07655
0.250179	0.359901	0.320225	-0.683639
0.650782	1.31507	0.622525	0.536735
0.904772	2.93936	1.16846	-1.57578
0.780342	1.8946	0.762287	-0.431261
0.304916	0.454654	0.379359	-0.713249
0.614167	1.19044	0.594976	1.11237
0.458501	0.766767	0.493776	-1.00646
0.551837	1.00325	0.552861	-0.402846
0.931916	3.35876	1.44074	1.65336
0.940162	3.52014	1.57134	0.95992
0.111958	0.148421	-0.0249777	0.315908
0.464576	0.78087	0.49765	-0.251091
0.0522553	0.0670876	-0.687324	0.15513
0.522295	0.923452	0.534031	-0.764837
0.714911	1.56869	0.680138	1.18235
0.681518	1.43023	0.648265	0.323663
0.0503585	0.0645885	-0.73361	-0.169335
0.0375576	0.0478513	-1.16718	-0.0935489
0.882897	2.68088	1.03889	1.3954
0.273006	0.398547	0.347006	-0.0392057
0.945094	3.62767	1.66795	0.137875
0.739558	1.68172	0.707291	-0.389967
0.496349	0.857341	0.517706	1.16441
0.784791	1.92018	0.769306	-0.376168
0.0409674	0.0522878	-1.02538	-0.26759
0.885105	2.70467	1.04981	1.87634
0.906765	2.96579	1.18317	2.06616
0.60955	1.17557	0.591685	-1.37023
0.44057	0.726046	0.482219	-0.340347
0.878017	2.62985	1.01609	-1.11424
0.812152	2.09016	0.818615	0.945663
0.897085	2.84231	1.11688	-1.62464
0.789686	1.94894	0.777313	0.976848
0.219829	0.310302	0.277977	0.436953
0.160447	0.218607	0.157408	-0.291132
0.900465	2.88406	1.13861	0.2593
0.929187	3.30964	1.40413	-1.80747
0.1754	0.241071	0.194548	-0.571667
0.148595	0.201084	0.123157	0.499894
0.63001	1.24285	0.606555	0.330582
0.743087	1.69877	0.711497	0.98214
0.69232	1.47337	0.658062	0.828638
0.40647	0.652085	0.459482	-1.01649
0.474102	0.80331	0.503692	-0.817447
0.419855	0.680596	0.468551	-1.01386
0.556342	1.01588	0.555775	1.19641
0.788784	1.94359	0.775814	-1.58654
0.0454408	0.0581321	-0.871456	-0.228347
0.58432	1.0973	0.574255	-0.207469
0.0209368	0.0264489	-2.51628	0.205691
0.844626	2.3274	0.896664	0.198688
0.92345	3.21227	1.33555	1.66905
0.310253	0.464288	0.384312	0.57138
0.217438	0.306478	0.274241	-0.692331
0.99327	6.25155	9.97858	-2.89918
0.188165	0.260573	0.222028	-0.546148
0.888908	2.74675	1.0696	0.324064
0.533087	0.952016	0.540865	1.0553
0.70634	1.53167	0.671485	0.986034
0.67803	1.41662	0.645195	-1.16963
0.406585	0.652327	0.459561	-1.01996
0.837652	2.27251	0.877525	-1.20121
0.580445	1.0857	0.571649	0.0185514
0.75366	1.7513	0.724653	1.35484
0.674473	1.40289	0.642105	1.107
0.945163	3.62923	1.66942	-1.66619
0.0808529	0.105386	-0.250373	-0.308806
0.0117009	0.0147124	-4.91832	0.144191
0.856787	2.42928	0.934118	-1.91872
0.0156564	0.0197253	-3.54292	-0.0770563
0.945771	3.64317	1.68256	-1.95904
0.867571	2.52713	0.972663	0.77472
0.258442	0.373753	0.330337	-0.132445
0.732679	1.64913	0.699338	-0.265351
0.762275	1.7958	0.736052	-0.608118
0.21294	0.299314	0.267022	0.212605
0.161244	0.219794	0.159546	-0.464076
0.0356709	0.0454033	-1.25723	0.115263
0.0589248	0.0759153	-0.548024	0.27774
0.453438	0.755134	0.490534	0.869157
0.337798	0.515231	0.408241	0.786115
0.942193	3.56331	1.60915	-0.0683036
0.406579	0.652314	0.459556	-1.01066
0.144169	0.194602	0.109035	-0.278984
0.925095	3.23941	1.35415	2.18655
0.563344	1.03576	0.560334	-1.27716
0.477908	0.812389	0.506097	0.193849
0.16525	0.225778	0.170001	0.46058
0.704942	1.52573	0.670107	1.47488
0.796547	1.9904	0.78909	-1.46838
0.787593	1.93656	0.773851	-0.297847
0.916667	3.10614	1.26641	-1.90771
0.516165	0.907514	0.530165	-1.20201
0.37326	0.584029	0.435873	-0.549569
0.919182	3.14444	1.29072	-0.412573
0.361374	0.560546	0.42694	-0.376061
0.513721	0.901215	0.528626	1.19752
0.945023	3.62604	1.66643	1.78777
0.441049	0.727117	0.482531	0.274036
0.907663	2.97789	1.19	2.17688
0.292609	0.432714	0.367473	-0.274522
0.709615	1.54568	0.674748	-1.32438
0.422903	0.687182	0.470589	1.03145
0.0964364	0.126761	-0.119823	0.21259
0.509696	0.890913	0.526094	-0.80949
0.709941	1.54709	0.675076	-0.581989
0.485763	0.831339	0.511049	-0.838771
0.84614	2.33964	0.901028	1.90085
0.564314	1.03854	0.560969	-1.28792
0.381645	0.600865	0.442007	0.292079
0.652308	1.32055	0.623739	0.646761
0.6077	1.16966	0.590376	0.0462822
0.138703	0.186645	0.0904432	-0.251027
0.181295	0.250039	0.207667	-0.249085
0.910995	3.02384	1.21653	0.266902
0.193935	0.269488	0.233395	0.221961
0.952135	3.79921	1.83999	-2.32534
0.19535	0.271684	0.236092	0.576669
0.366318	0.570261	0.430692	0.865253
0.272521	0.397712	0.346472	-0.76056
0.947767	3.69006	1.72785	1.87397
0.510966	0.894154	0.526893	-0.114813
0.119065	0.158465	0.0104914	-0.479026
0.548686	0.99449	0.550831	-1.25028
0.309011	0.46204	0.38317	0.26147
0.823086	2.16512	0.842009	-1.19551
0.604426	1.15927	0.588073	-0.935558
0.513433	0.900477	0.528445	-0.220133
0.192448	0.267185	0.230523	0.380152
0.25808	0.373143	0.329905	0.652971
0.0122722	0.0154351	-4.66493	-0.0051014
0.295195	0.437293	0.370027	0.415195
0.867044	2.52217	0.970645	1.95879
0.71259	1.55856	0.677759	0.114016
0.622922	1.21913	0.601317	-1.15261
0.627427	1.23415	0.604635	-1.01001
0.0646603	0.0835569	-0.45098	0.364018
0.137085	0.184299	0.0846756	-0.525463
0.413195	0.666328	0.464065	0.0165935
0.231765	0.329575	0.295665	0.303264
0.774584	1.86226	0.753551	-0.247624
0.136987	0.184157	0.0843217	-0.273405
0.121528	0.161963	0.0218555	-0.482653
0.0159827	0.0201397	-3.45984	0.0651489
0.455043	0.758809	0.491563	1.06689
0.0200905	0.0253689	-2.64455	-0.150698
0.107425	0.142056	-0.0499438	0.470951
0.398074	0.634526	0.453675	0.78119
0.687396	1.45352	0.653541	1.52066
0.98736	5.46364	5.55403	2.52061
0.799496	2.00865	0.794362	-0.453281
0.792429	1.96535	0.781942	-1.58903
0.663936	1.36307	0.633194	0.74082
0.545049	0.984456	0.548495	0.089327
0.297801	0.441924	0.37257	-0.323549
0.83115	2.22343	0.860988	1.42973
0.577964	1.07833	0.56999	-1.29207
0.409433	0.65834	0.461508	0.87243
0.780245	1.89405	0.762138	0.480991
0.243179	0.348285	0.311239	0.586493
0.975032	4.6127	3.06452	-2.70724
0.181332	0.250095	0.207746	0.623107
0.759202	1.77975	0.731911	1.0723
0.476014	0.807862	0.5049	-1.13689
0.427	0.696087	0.473311	0.780089
0.885928	2.71366	1.05399	-1.81629
0.943578	3.59361	1.63647	2.38253
0.119408	0.158951	0.0121002	0.421039
0.505755	0.880906	0.523617	-0.864664
0.104267	0.137641	-0.0685729	0.469116
0.482965	0.824557	0.509287	0.654272
0.977537	4.74488	3.34944	-2.56613
0.961216	4.06218	2.15332	1.91164
0.866174	2.51402	0.967343	-0.33516
0.704564	1.52413	0.669737	1.31139
0.235748	0.336073	0.301238	-0.689713
0.24844	0.357006	0.31803	0.1239
0.730196	1.63757	0.696542	-0.151206
0.099995	0.131694	-0.0955699	0.331395
0.580103	1.08468	0.57142	-1.26629
0.101421	0.133676	-0.0863132	-0.42894
0.544507	0.982969	0.548148	-0.899703
0.278139	0.407403	0.352566	-0.0682598
0.352541	0.543375	0.420098	-0.903886
0.716367	1.57509	0.681646	-1.47526
0.263619	0.382509	0.336421	-0.302241
0.871613	2.56588	0.988675	0.737866
0.8616	2.47201	0.950626	-1.37222
0.285012	0.419361	0.359782	-0.749687
0.889046	2.7483	1.07034	-2.09171
0.968474	4.32119	2.53276	-2.50875
0.818227	2.13125	0.831303	-0.390224
0.108721	0.143872	-0.0426063	0.143479
0.107986	0.142842	-0.046745	-0.432737
0.537227	0.963149	0.543498	1.15031
0.528346	0.939386	0.537857	-0.19337
0.326912	0.49485	0.399087	-0.473541
0.522392	0.923707	0.534093	1.133
0.522205	0.923218	0.533975	1.09724
0.948432	3.70606	1.7437	-1.28046
0.408528	0.656427	0.460891	0.136074
0.4917	0.845854	0.514784	-1.16168
0.807869	2.06197	0.810095	0.421228
0.997475	7.47695	25.7332	-3.39415
0.983032	5.09551	4.26827	-2.69301
0.555823	1.01441	0.555439	0.335711
0.0845518	0.110427	-0.215142	-0.307089
0.618305	1.20392	0.597956	-0.280185
0.327649	0.496218	0.399717	-0.860071
0.160886	0.219261	0.158589	0.537156
0.794672	1.97893	0.785804	0.807491
0.99337	6.27026	10.1212	-0.291907
0.880294	2.6534	1.02651	-1.37597
0.978535	4.80169	3.48142	-0.115918
0.797412	1.99573	0.790622	-1.69573
0.0446786	0.0571343	-0.895518	0.285569
0.512865	0.899016	0.528087	0.858633
0.490506	0.842921	0.514033	1.16095
0.161345	0.219945	0.159815	-0.488243
0.884692	2.70019	1.04774	-1.31475
0.977313	4.73243	3.32129	2.44212
0.703512	1.51968	0.668707	1.53838
0.578486	1.07988	0.570339	0.0554715
0.234612	0.334216	0.299665	-0.447281
0.92715	3.27419	1.37856	-1.28041
0.865359	2.50643	0.964286	2.00233
0.289711	0.427605	0.364573	0.69998
0.988573	5.58967	6.08858	2.74053
0.219764	0.310199	0.277876	0.392794
0.871557	2.56534	0.988446	-0.269336
0.120493	0.160492	0.0171354	-0.241487
0.0768767	0.0999905	-0.291941	0.363861
0.820168	2.14466	0.835517	1.20363
0.682553	1.4343	0.649185	1.47647
0.247367	0.355223	0.316664	0.101453
0.568535	1.05071	0.56374	1.19918
0.554527	1.01077	0.5546	-0.423158
0.515084	0.904723	0.529484	0.793154
0.649541	1.31064	0.621542	0.305629
0.552946	1.00634	0.553577	-1.25195
0.202066	0.282161	0.248447	0.245358
0.826989	2.193	0.850995	-1.87158
0.846532	2.34283	0.90217	-0.872408
0.752699	1.74644	0.723421	1.04745
0.96665	4.25089	2.42194	0.215837
0.183196	0.252945	0.211735	0.587306
0.481716	0.82154	0.508499	0.952126
0.0440616	0.0563273	-0.9156	0.273615
0.23463	0.334245	0.299689	0.492438
0.971438	4.4446	2.74293	-2.56928
0.583141	1.09376	0.57346	0.0619447
0.0988427	0.130094	-0.103238	-0.431363
0.703206	1.5184	0.668409	-0.319189
0.629642	1.24161	0.606281	-0.154498
0.916953	3.11043	1.2691	1.88265
0.210925	0.296118	0.263704	-0.58189
0.453859	0.756097	0.490804	-0.112294
0.55276	1.00583	0.553457	0.800156
0.745258	1.70938	0.714128	0.267534
0.032868	0.0417754	-1.41001	-0.245941
0.348099	0.534827	0.416585	0.873961
0.165197	0.225699	0.169865	0.591967
0.509245	0.889764	0.525811	0.871155
0.422588	0.686499	0.470378	-0.699755
0.238019	0.339792	0.304347	0.737328
0.775836	1.86922	0.755419	-0.182253
0.479853	0.817054	0.507324	-1.09261
0.887251	2.72824	1.06082	-0.723018
0.91189	3.03646	1.22398	-0.236487
0.77603	1.8703	0.75571	-1.72688
0.252267	0.363386	0.322828	-0.71211
0.211094	0.296385	0.263984	-0.163858
0.435251	0.714218	0.478747	-0.466064
0.496771	0.858386	0.517971	-0.666413
0.107023	0.141492	-0.0522611	-0.343573
0.766025	1.81568	0.741224	0.557105
0.600696	1.14754	0.585468	1.11512
0.609635	1.17584	0.591745	0.392621
0.719451	1.58876	0.684874	1.44926
0.728447	1.6295	0.694597	1.16247
0.564782	1.03989	0.561275	0.131151
0.336932	0.513597	0.407525	-0.870243
0.470709	0.795271	0.501544	-1.05491
0.962866	4.11653	2.2266	1.35344
0.428229	0.698771	0.474125	-0.777777
0.92987	3.32175	1.41303	-1.98553
0.697612	1.49506	0.663028	1.54485
0.682454	1.43392	0.649098	1.51208
0.505806	0.881033	0.523648	-1.13358
0.879386	2.64395	1.02231	-1.97772
0.614976	1.19306	0.595556	-1.15105
0.15884	0.216217	0.153041	0.133787
0.335037	0.51003	0.405953	0.896004
0.142677	0.192426	0.104095	0.550105
0.353149	0.54455	0.420575	0.758809
0.72802	1.62753	0.694124	-1.5868
0.0881001	0.115281	-0.184063	0.424866
0.299294	0.444584	0.374013	-0.356338
0.574914	1.06933	0.567959	1.0923
0.126379	0.168885	0.0430114	0.037645
0.979011	4.82972	3.54878	-2.75342
0.994048	6.40512	11.2154	-2.36519
0.469913	0.793392	0.501039	0.698331
0.790439	1.95343	0.778575	1.54599
0.49844	0.862541	0.51902	-0.647646
0.27983	0.410334	0.354365	-0.670575
0.571231	1.05855	0.565518	-0.471113
0.166039	0.22696	0.172006	0.325106
0.861221	2.46859	0.949288	1.83044
0.541785	0.975521	0.546406	0.532151
0.797783	1.99802	0.791283	0.0627159
0.29727	0.440978	0.372054	-0.0952635
0.916868	3.10916	1.2683	1.13682
0.565183	1.04104	0.561538	0.69838
0.397586	0.633514	0.453335	-0.328086
0.00261637	0.00327475	-23.8116	-0.0252888
0.951134	3.77333	1.81253	0.935028
0.00263413	0.003297	-23.6476	0.00687472
0.0510352	0.0654795	-0.716705	-0.132916
0.795326	1.98292	0.786943	-0.84897
0.296883	0.44029	0.371678	-0.162945
0.00221013	0.00276572	-28.2842	0.0514443
0.289746	0.427667	0.364609	-0.716115
0.367172	0.571946	0.431334	0.00214343
0.475293	0.806143	0.504445	0.164266
0.0763471	0.0992736	-0.297798	-0.38318
0.595541	1.1315	0.5819	1.33544
0.929373	3.31293	1.40654	2.03977
0.703619	1.52013	0.668811	-1.55267
0.422296	0.685868	0.470184	-0.906166
0.0656057	0.084821	-0.436593	-0.101235
0.991531	5.96425	8.03569	3.0883
0.0335066	0.0426011	-1.37296	0.126898
0.848232	2.35675	0.907189	-0.885423
0.363877	0.565455	0.428846	0.705201
0.25908	0.374828	0.331097	0.695487
0.124062	0.165574	0.0331025	0.0353794
0.214987	0.302569	0.270338	-0.299999
0.825148	2.17977	0.846712	0.716412
0.241825	0.346051	0.309454	-0.696931
0.706616	1.53284	0.671758	1.53033
0.871757	2.56729	0.989264	-1.79313
0.0374091	0.0476584	-1.17394	-0.275897
0.890784	2.76804	1.07984	2.09108
0.163382	0.222985	0.165185	0.597162
0.944956	3.62453	1.66502	-0.573932
0.999407	9.28876	107.95	3.59504
0.117628	0.156426	0.00364705	0.415063
0.319901	0.481896	0.392989	-0.8352
0.532777	0.951185	0.540667	-1.15808
0.0343904	0.0437445	-1.32395	-0.251999
0.400645	0.639877	0.455464	-0.98176
0.541434	0.974563	0.546182	0.552975
0.863873	2.49271	0.958802	1.73639
0.0374872	0.0477599	-1.17037	-0.238714
0.843261	2.31647	0.892796	1.78046
0.526188	0.933681	0.536492	-1.01176
0.296926	0.440366	0.37172	0.201478
0.343169	0.52541	0.412628	-0.727617
0.0257399	0.0325962	-1.94789	-0.174464
0.803485	2.03377	0.801711	0.548549
0.668727	1.38102	0.637203	0.94236
0.520707	0.919305	0.533029	-1.18573
0.777824	1.88036	0.758421	-1.72847
0.872727	2.57678	0.993255	-1.85975
0.941766	3.55412	1.60099	1.9743
0.73954	1.68163	0.70727	-1.34932
0.599664	1.14431	0.58475	1.35092
0.159251	0.216828	0.154166	0.466809
0.358176	0.554301	0.424483	-0.432529
0.992935	6.19079	9.5297	-0.444275
0.870505	2.55514	0.984192	-0.142126
0.515888	0.9068	0.529991	0.0569986
0.37523	0.587964	0.437326	-0.384508
0.427323	0.696791	0.473525	0.736874
0.209203	0.293393	0.260824	0.484281
0.864282	2.49647	0.960298	-1.85426
0.538478	0.966531	0.544295	1.08211
0.296167	0.439017	0.370979	-0.236433
0.387755	0.613278	0.446398	0.887299
0.747756	1.7217	0.7172	-1.30185
0.141928	0.191334	0.101577	-0.123878
0.641209	1.28127	0.615042	-0.947618
0.0486381	0.0623259	-0.778689	-0.190356
0.0577661	0.0743771	-0.56994	-0.340727
0.0305735	0.0388132	-1.55585	0.153447
0.700419	1.50671	0.665711	0.243792
0.138862	0.186876	0.0910039	-0.0978831
0.998669	8.27709	48.3424	0.718412
0.218898	0.308811	0.27653	0.621044
0.250964	0.36121	0.321207	-0.622993
0.448241	0.743304	0.487189	-0.471516
0.47083	0.795556	0.50162	-1.12555
0.129876	0.173899	0.0573325	-0.00630337
0.616994	1.19963	0.597009	0.163538
0.926511	3.26328	1.37083	-1.82225
0.479777	0.816871	0.507276	0.485482
0.202326	0.282568	0.248911	0.654805
0.906027	2.95593	1.17765	-2.17456
0.553529	1.00797	0.553954	0.780869
0.919369	3.14734	1.29259	2.24397
0.370333	0.578204	0.4337	0.632948
0.184188	0.254465	0.213831	-0.267317
0.448876	0.744744	0.487599	1.08519
0.129677	0.173613	0.0565372	-0.461718
0.486838	0.833955	0.511725	-0.909398
0.75958	1.78171	0.732416	1.6382
0.63184	1.24905	0.607924	-0.916138
0.995499	6.75435	14.6634	0.826047
0.144324	0.194829	0.109545	-0.512561
0.514486	0.903184	0.529108	0.575613
0.379814	0.59717	0.440679	0.759535
0.0291869	0.0370267	-1.65507	-0.0256286
0.538901	0.967678	0.544565	-0.6837
0.311151	0.465916	0.385134	-0.202591
0.48279	0.824132	0.509176	0.682874
0.87167	2.56644	0.988908	0.379467
0.0299589	0.038021	-1.5987	-0.160598
0.892329	2.78585	1.08854	0.378953
0.853725	2.40283	0.924144	-0.954587
0.948321	3.70337	1.74102	2.30288
0.865899	2.51145	0.966308	-0.614802
0.406799	0.652778	0.459707	0.531322
0.929166	3.30927	1.40387	-1.8283
0.631519	1.24796	0.607683	0.104494
0.177329	0.243999	0.198927	-0.545836
0.711502	1.55383	0.676653	-0.641433
0.0816306	0.106444	-0.242707	-0.147871
0.189529	0.262674	0.22477	-0.50544
0.782458	1.9067	0.765595	1.38393
0.935973	3.43556	1.50085	1.54154
0.864842	2.50164	0.962367	0.681475
0.0415138	0.0530002	-1.00481	0.212315
0.605289	1.162	0.588678	1.3227
0.441205	0.727466	0.482632	0.378385
0.325051	0.491399	0.397484	-0.435941
0.391268	0.62047	0.448894	-0.170092
0.575569	1.07126	0.568394	0.794755
0.264066	0.383269	0.336938	0.196548
0.83625	2.26177	0.873858	-1.80038
0.177462	0.244201	0.199225	-0.618678
0.760314	1.78553	0.7334	-1.64201
0.40988	0.659287	0.461813	0.682
0.954224	3.85499	1.90112	2.13549
0.455956	0.760906	0.492148	-0.829744
0.170079	0.233031	0.182009	-0.0564065
0.939771	3.51199	1.56435	-2.25588
0.633986	1.25635	0.609538	-0.382429
0.819933	2.14303	0.835003	1.6561
0.189016	0.261884	0.223743	0.629398
0.695842	1.48776	0.661354	1.46918
0.817237	2.12445	0.829183	1.84359
0.266384	0.387212	0.339597	0.587948
0.896112	2.83055	1.11088	1.83294
0.716262	1.57463	0.681536	0.657613
0.871119	2.56108	0.986667	0.458671
0.0326687	0.0415178	-1.42187	0.25456
0.67586	1.40823	0.643305	1.41353
0.91379	3.06371	1.24031	2.05893
0.646642	1.30034	0.619261	1.33659
0.35464	0.547434	0.42174	0.402239
0.45998	0.770187	0.494722	-0.943508
0.425293	0.692368	0.472179	-0.395876
0.0247448	0.0313201	-2.04756	0.223762
0.838039	2.2755	0.878549	1.14837
0.697659	1.49525	0.663073	-0.707564
0.18625	0.257627	0.218119	-0.544228
0.730103	1.63714	0.696439	-1.58207
0.18761	0.259718	0.220902	-0.62742
0.720147	1.59186	0.68561	1.58243
0.743258	1.6996	0.711702	1.56199
0.917367	3.11668	1.27303	1.83504
0.403606	0.646066	0.457512	-0.102315
0.546397	0.988167	0.549361	1.1318
0.0890206	0.116544	-0.176395	0.35748
0.571645	1.05975	0.565791	1.22774
0.233117	0.331777	0.297574	0.320457
0.369808	0.577163	0.433309	0.764982
0.388283	0.614358	0.446775	0.962817
0.114655	0.152222	-0.0110253	0.492717
0.653854	1.32612	0.624974	-0.642484
0.971961	4.46771	2.78463	2.64573
0.859679	2.45478	0.943912	-0.699176
0.770063	1.83744	0.746946	0.783046
0.470771	0.795417	0.501583	-0.444712
0.127653	0.17071	0.0483164	-0.429265
0.787412	1.9355	0.773555	1.75609
0.216153	0.304426	0.272203	0.520997
0.721163	1.59641	0.686689	1.35877
0.69632	1.48973	0.661805	1.54326
0.658209	1.34195	0.62849	-1.05512
0.841067	2.29909	0.886705	1.57102
0.511567	0.895692	0.527271	1.16664
0.538366	0.966229	0.544223	0.498793
0.752944	1.74767	0.723734	0.0789988
0.515487	0.905763	0.529738	1.15387
0.15007	0.203251	0.127691	0.545714
0.650734	1.3149	0.622487	-0.0495591
0.168819	0.231134	0.178936	-0.494905
0.2097	0.294179	0.26166	-0.640838
0.990331	5.79852	7.10203	-2.29319
0.984427	5.20279	4.60476	-2.00063
0.206994	0.289905	0.257071	-0.626571
0.00664814	0.00833792	-9.05452	0.00274363
0.26889	0.391489	0.342433	-0.389582
0.287549	0.423805	0.362382	0.328724
0.332004	0.504342	0.403414	0.0557758
0.0996207	0.131174	-0.0980419	0.384565
0.395034	0.62823	0.451549	-0.473377
0.0107872	0.0135572	-5.37939	-0.107331
0.49333	0.849869	0.515808	0.773516
0.212906	0.299259	0.266966	-0.485438
0.64276	1.28669	0.61624	0.727581
0.818132	2.13059	0.831099	1.79978
0.495928	0.856295	0.517441	-1.03699
0.545789	0.986491	0.54897	0.0420054
0.997079	7.29469	22.3123	2.95671
0.563965	1.03754	0.56074	-1.25579
0.315555	0.473934	0.389123	0.155354
0.814913	2.10866	0.82429	-1.81986
0.0221667	0.0280201	-2.34732	-0.047514
0.728527	1.62987	0.694685	0.895892
0.776168	1.87108	0.755918	-1.17641
0.257132	0.371547	0.328768	-0.237774
0.046583	0.0596286	-0.836865	-0.182164
0.247137	0.354841	0.31637	-0.678747
0.840691	2.29614	0.885677	1.55639
0.554572	1.0109	0.554628	0.780109
0.701016	1.5092	0.666286	-1.53515
0.424371	0.690364	0.471566	0.471994
0.912907	3.05097	1.23263	-0.0562251
0.555751	1.01421	0.555392	0.0880827
0.896754	2.8383	1.11483	1.76463
0.192787	0.26771	0.231181	0.531374
0.00723482	0.0090764	-8.27787	-0.0307293
0.391214	0.620361	0.448856	-0.874515
0.698315	1.49796	0.663697	-0.178125
0.356654	0.551341	0.423307	0.337656
0.414617	0.66936	0.465027	0.95003
0.11922	0.158684	0.0112186	-0.497139
0.221393	0.312811	0.280384	-0.321823
0.65446	1.32831	0.62546	-0.80985
0.576742	1.07472	0.569175	-1.24616
0.386671	0.611068	0.445624	-0.754674
0.677524	1.41466	0.644753	-1.30377
0.479877	0.817112	0.507339	-0.656536
0.277307	0.405963	0.351675	0.169148
0.752555	1.74571	0.723237	-0.0333682
0.989608	5.70844	6.64407	-0.639516
0.919205	3.14479	1.29095	0.424139
0.968002	4.3026	2.50285	0.952931
0.295779	0.438329	0.3706	-0.299826
0.0176433	0.022251	-3.08458	0.0213398
0.394159	0.626422	0.450934	-1.00105
0.0683962	0.0885595	-0.396414	-0.374245
0.916408	3.10225	1.26399	-1.16592
0.36179	0.561359	0.427257	0.0100594
0.642255	1.28492	0.61585	0.61127
0.412874	0.665645	0.463848	-1.01211
0.338896	0.517305	0.409144	0.752896
0.950089	3.74688	1.78503	-1.89827
0.0228813	0.0289339	-2.25748	0.099476
0.664273	1.36432	0.633473	-0.624953
0.238043	0.339832	0.304381	-0.32929
0.17091	0.234283	0.184014	0.497505
0.205514	0.287575	0.25452	0.609546
0.472835	0.800301	0.50289	-0.0104927
0.132988	0.178378	0.0694775	-0.287854
0.175435	0.241125	0.19463	-0.215544
0.177406	0.244115	0.199099	0.160769
0.430598	0.703961	0.475689	-0.283374
0.731675	1.64445	0.698203	0.612398
0.153216	0.207888	0.137093	-0.576643
0.201402	0.281123	0.247259	-0.620778
0.455307	0.759417	0.491733	-0.932404
0.257847	0.37275	0.329626	-0.0816469
0.874077	2.59011	0.998912	2.02437
0.860445	2.46162	0.94657	-1.42353
0.13443	0.180458	0.0749249	0.499364
0.954705	3.86821	1.91601	2.11966
0.592377	1.12177	0.579729	0.462439
0.643639	1.28976	0.616921	1.4359
0.768838	1.8308	0.745194	0.763024
0.434003	0.711458	0.477928	0.12442
0.524869	0.930207	0.535658	0.386678
0.659644	1.3472	0.629659	0.982961
0.377211	0.591935	0.43878	-0.767037
0.826448	2.1891	0.849728	-1.87056
0.541138	0.973756	0.545992	-0.374624
0.00651083	0.00816515	-9.25649	-0.107363
0.756173	1.76412	0.727912	1.67825
0.78889	1.94422	0.77599	1.59638
0.445818	0.737828	0.485624	0.660529
0.0829262	0.108209	-0.230247	-0.0774664
0.837703	2.27291	0.87766	-0.8208
0.335884	0.511624	0.406657	-0.386666
0.284557	0.418567	0.359312	-0.710935
0.694199	1.48103	0.659812	1.29455
0.0443019	0.0566416	-0.907712	-0.0665916
0.187836	0.260066	0.221361	-0.0838647
0.470879	0.795673	0.501651	-0.475419
0.187189	0.259071	0.220044	0.640869
0.11391	0.151171	-0.0148151	-0.05601
0.865023	2.50332	0.963037	-1.83981
0.208885	0.292889	0.260288	-0.582939
0.041717	0.0532652	-0.997295	-0.290474
0.950539	3.75821	1.79674	-2.2833
0.106433	0.140667	-0.0556821	0.474131
0.676925	1.41234	0.64423	-0.793097
0.35188	0.5421	0.419579	0.927229
0.453074	0.754302	0.4903	0.864549
0.354422	0.547012	0.42157	0.0570549
0.740137	1.6845	0.707974	-1.63188
0.44903	0.745093	0.487698	1.06623
0.983689	5.14486	4.4195	2.54874
0.0208509	0.0263392	-2.52883	0.0276498
0.574951	1.06944	0.567983	-0.507661
0.549048	0.995492	0.551064	-0.231408
0.158784	0.216134	0.152887	0.101768
0.0374335	0.0476902	-1.17282	0.25371
0.516438	0.90822	0.530338	-0.242515
0.749914	1.73244	0.719892	1.37483
0.979372	4.85137	3.60185	1.48639
0.792657	1.96673	0.782332	1.20885
0.679566	1.4226	0.646542	-1.44584
0.961403	4.06823	2.16132	1.36655
0.96428	4.16506	2.29476	-2.26703
0.969742	4.37249	2.61762	-2.22681
0.458194	0.766059	0.49358	-0.992622
0.417125	0.674727	0.466718	-0.676546
0.908568	2.99019	1.19702	0.0772472
0.0247088	0.031274	-2.05131	0.169035
0.870859	2.55856	0.985615	1.69773
0.299975	0.445799	0.374667	-0.798122
0.161	0.219431	0.158894	0.255412
0.080748	0.105244	-0.251419	0.020465
0.900146	2.88006	1.1365	-0.0834494
0.705421	1.52776	0.670578	0.197164
0.898435	2.85883	1.1254	1.7979
0.864673	2.50008	0.96174	1.95076
0.462665	0.776418	0.496434	-0.907196
0.672907	1.39689	0.640759	-1.30881
0.771444	1.84497	0.748941	1.63854
0.973369	4.53208	2.9049	2.517
0.449387	0.745903	0.487928	-1.06513
0.334028	0.508135	0.405111	-0.579433
0.504481	0.877687	0.522816	-0.296525
0.232744	0.331169	0.297049	0.499613
0.391337	0.620614	0.448943	-0.0877522
0.35697	0.551954	0.423551	0.387812
0.555406	1.01324	0.555168	-0.950881
0.198811	0.277073	0.24255	0.5644
0.733382	1.65242	0.700136	1.44463
0.810087	2.07649	0.814464	1.47386
0.773127	1.85421	0.751399	1.70881
0.950118	3.74762	1.78579	-2.16123
0.439044	0.722642	0.481225	-0.26303
0.323338	0.488229	0.395999	-0.358517
0.138647	0.186564	0.0902468	-0.421465
0.232886	0.331399	0.297248	0.0736473
0.702076	1.51365	0.667311	1.55176
0.994657	6.54002	12.4345	2.26542
0.13375	0.179477	0.0723699	0.454605
0.744783	1.70705	0.71355	-1.5692
0.905691	2.95147	1.17516	-1.40334
0.869211	2.54272	0.979049	1.55554
0.0530677	0.0681597	-0.668501	0.275495
0.880419	2.6547	1.02709	1.14021
0.648136	1.30564	0.620434	1.07683
0.0128375	0.0161507	-4.43639	-0.127754
0.659251	1.34576	0.629339	-0.946252
0.611196	1.18085	0.592855	-0.988499
0.643501	1.28928	0.616814	1.25488
0.206826	0.28964	0.256783	-0.430213
0.977437	4.7393	3.33679	0.95985
0.33433	0.508702	0.405364	-0.258637
0.609392	1.17506	0.591573	-0.227035
0.109564	0.145056	-0.0379159	0.0379678
0.734215	1.65634	0.701087	0.814273
0.500399	0.867432	0.520251	-1.14686
0.86834	2.53442	0.975639	-1.88247
0.361429	0.560653	0.426981	-0.57939
0.967751	4.29282	2.48729	2.03268
0.615933	1.19617	0.596245	0.443569
0.317551	0.477584	0.390907	-0.874134
0.552652	1.00552	0.553388	-1.17791
0.669731	1.38481	0.638051	-0.0260618
0.817147	2.12384	0.828993	1.68362
0.661827	1.35525	0.63145	-1.32835
0.229776	0.326343	0.292823	0.574854
0.966273	4.23682	2.4005	-2.14433
0.623026	1.21947	0.601394	-0.523791
0.357231	0.552463	0.423754	0.928699
0.184638	0.255153	0.214772	-0.339675
0.30392	0.452863	0.378421	-0.810068
0.700601	1.50747	0.665887	-1.43486
0.578309	1.07935	0.57022	-0.507555
0.150712	0.204196	0.129639	-0.286525
0.37833	0.594182	0.439598	0.95682
0.512333	0.897652	0.527753	-0.99005
0.699389	1.50242	0.664723	1.11216
0.724987	1.61367	0.690802	1.6065
0.127258	0.170144	0.0466806	0.0504028
0.565158	1.04097	0.561522	-0.381777
0.270758	0.394687	0.344521	0.597075
0.839399	2.28604	0.882177	1.81169
0.00590974	0.00740909	-10.2512	0.103397
0.642854	1.28701	0.616313	-1.41681
0.273198	0.398876	0.347216	0.132437
0.424237	0.690074	0.471477	0.787079
0.971726	4.45725	2.76566	-1.547
0.877968	2.62934	1.01587	-1.03372
0.549645	0.99715	0.551449	0.074408
0.0367564	0.0468112	-1.20429	0.0555163
0.127144	0.169981	0.0462089	0.0307755
0.806701	2.05439	0.807828	-1.59418
0.740439	1.68595	0.708332	-1.22529
0.171625	0.235362	0.185725	-0.431803
0.802878	2.02991	0.800576	-0.833424
0.649714	1.31126	0.621679	-1.44484
0.788869	1.94409	0.775955	1.75261
0.725672	1.61679	0.691548	0.876929
0.0107181	0.01347	-5.41741	0.0518927
0.973958	4.56004	2.95911	1.35982
0.136476	0.183416	0.0824686	0.27448
0.657771	1.34034	0.628134	-0.269873
0.653868	1.32617	0.624986	1.39377
0.615211	1.19382	0.595725	-1.37472
0.0927816	0.121715	-0.146606	-0.236642
0.265548	0.385789	0.338643	-0.553974
0.654286	1.32768	0.625321	0.67807
0.278153	0.407428	0.352582	-0.559023
0.54186	0.975724	0.546454	0.165152
0.693976	1.48012	0.659603	-1.49484
0.240514	0.343892	0.30771	0.299086
0.580381	1.08551	0.571606	-1.2751
0.138399	0.186203	0.0893688	-0.505907
0.296746	0.440046	0.371544	-0.71643
0.0359433	0.0457565	-1.24364	0.25252
0.46889	0.790983	0.500391	-0.0119006
0.448645	0.744219	0.487449	-0.926295
0.289705	0.427594	0.364567	-0.0474165
0.296449	0.439519	0.371255	0.381374
0.91218	3.04058	1.22643	-1.33939
0.106831	0.141225	-0.0533657	-0.0529614
0.766486	1.81814	0.741869	-0.90483
0.667827	1.37763	0.636445	-0.407305
0.558202	1.02113	0.556982	-1.27817
0.985463	5.2888	4.89617	-2.50562
0.589803	1.1139	0.577971	-1.22435
0.167431	0.229049	0.175502	-0.55685
0.648028	1.30525	0.620349	-1.44131
0.61802	1.20298	0.59775	-0.598423
0.927781	3.28506	1.38633	0.256616
0.740901	1.68818	0.70888	0.440854
0.887196	2.72763	1.06054	1.61517
0.665428	1.36863	0.634435	0.704039
0.273017	0.398566	0.347018	-0.188911
0.703868	1.52119	0.669055	1.55851
0.201307	0.280973	0.247087	0.669456
0.0828256	0.108072	-0.231201	0.22871
0.662939	1.35937	0.632368	-1.40408
0.649985	1.31223	0.621894	-1.44556
0.339554	0.51855	0.409684	0.714945
0.820932	2.14999	0.837199	1.01142
0.513391	0.900368	0.528419	0.128897
0.990629	5.8377	7.31169	-2.12241
0.139492	0.187791	0.0932128	-0.482257
0.38654	0.610801	0.44553	-0.123798
0.983229	5.11016	4.31255	-2.26374
0.188109	0.260487	0.221915	-0.544754
0.928432	3.29639	1.39449	-1.4858
0.389385	0.61661	0.447559	-0.151605
0.106079	0.140172	-0.0577553	0.252223
0.953189	3.82705	1.87016	-0.288278
0.0114814	0.0144348	-5.02239	0.118968
0.317883	0.478193	0.391203	-0.8164
0.0562452	0.0723611	-0.600061	0.16596
0.199224	0.277717	0.243307	-0.623732
0.483353	0.825495	0.509531	0.108119
0.21398	0.300966	0.268713	0.454928
0.859156	2.45013	0.942113	-0.632828
0.379186	0.595905	0.440222	-0.960665
0.700673	1.50777	0.665956	0.969014
0.657543	1.33951	0.627949	-0.90936
0.612548	1.1852	0.593818	-0.815977
0.978362	4.7916	3.45754	1.32111
0.663623	1.3619	0.632934	-0.39252
0.523529	0.926685	0.534811	-0.901799
0.852984	2.39651	0.921788	-1.34604
0.394445	0.627012	0.451135	-0.495858
0.280372	0.411275	0.354939	0.540414
0.340323	0.520007	0.410313	0.845681
0.0831427	0.108504	-0.228202	0.248652
0.208291	0.291952	0.259284	-0.451114
0.0248552	0.0314616	-2.03611	0.14933
0.75544	1.76037	0.726956	-1.55716
0.668686	1.38086	0.637168	1.42376
0.932528	3.37005	1.44935	-1.11008
0.848069	2.35541	0.906706	-1.70213
0.604967	1.16098	0.588452	-0.331738
0.319351	0.480886	0.392503	0.527116
0.721734	1.59897	0.687298	0.144991
0.365157	0.567973	0.429816	0.0230757
0.385898	0.609492	0.44507	0.0801934
0.187308	0.259255	0.220289	-0.643035
0.236882	0.337928	0.302796	0.670612
0.315176	0.473242	0.388783	0.394704
0.545709	0.986273	0.548919	-1.0867
0.246644	0.354022	0.315738	-0.561703
0.878202	2.63174	1.01692	-2.04228
0.077541	0.10089	-0.284706	-0.393723
0.931303	3.34757	1.43228	-2.19943
0.0612202	0.0789679	-0.507032	-0.295392
0.93464	3.4098	1.48029	-1.95459
0.628753	1.23861	0.605619	-1.18638
0.979625	4.86679	3.64019	2.31063
0.304001	0.453009	0.378498	-0.829615
0.84453	2.32663	0.89639	-1.91176
0.735122	1.66061	0.702126	-1.06041
0.78505	1.92169	0.769721	-0.896054
0.459313	0.768643	0.494295	-0.882596
0.721138	1.5963	0.686662	-0.923583
0.401816	0.642322	0.456275	0.653885
0.0438374	0.0560341	-0.923036	-0.249403
0.0203453	0.0256938	-2.60482	0.00897013
0.568147	1.04959	0.563485	-0.213732
0.635668	1.26211	0.61081	1.21228
0.0536817	0.0689703	-0.654652	-0.0872795
0.187573	0.259661	0.220827	0.591528
0.194217	0.269926	0.233935	-0.647752
0.428777	0.699969	0.474487	0.0186656
0.43665	0.717318	0.479662	0.746602
0.579637	1.0833	0.571108	-0.340292
0.732167	1.64674	0.698758	0.329174
0.532068	0.949289	0.540217	-0.0656023
0.0565052	0.0727055	-0.594799	0.27101
0.786577	1.9306	0.772191	0.958025
0.877362	2.62315	1.01316	-2.04746
0.0625666	0.080762	-0.484369	-0.325294
0.716656	1.57637	0.681946	-0.0677392
0.726169	1.61906	0.692091	-1.14439
0.481347	0.82065	0.508266	1.14509
0.275261	0.40243	0.349467	0.16465
0.652719	1.32203	0.624066	1.44285
0.707484	1.53655	0.672619	1.22305
0.970751	4.41488	2.69041	-2.63535
0.930028	3.32458	1.41512	1.02945
0.573896	1.06634	0.567283	1.02892
0.861639	2.47236	0.950766	-1.07636
0.207991	0.291478	0.258773	-0.567297
0.596222	1.13361	0.58237	0.087183
0.0601169	0.0774997	-0.526349	0.158635
0.168076	0.230017	0.177104	-0.271456
0.869268	2.54326	0.979273	-1.13669
0.96212	4.09168	2.1927	2.41398
0.487127	0.834659	0.511907	-0.985255
0.685553	1.44618	0.651874	-0.0439308
0.186842	0.258537	0.219335	-0.625299
0.753534	1.75067	0.724491	1.51744
0.329433	0.49954	0.401239	0.786476
0.790416	1.95329	0.778535	1.63732
0.986551	5.38611	5.25094	-2.76282
0.215508	0.303399	0.271175	-0.512079
0.681258	1.42922	0.648036	0.571278
0.230532	0.32757	0.293907	0.71102
0.348042	0.53472	0.416541	-0.91512
0.273131	0.39876	0.347142	0.529655
0.138388	0.186188	0.0893301	0.300179
0.62169	1.21505	0.600417	-0.532961
0.924128	3.22339	1.34313	-1.72267
0.462095	0.775091	0.49607	-0.446666
0.799023	2.00571	0.793507	-0.290867
0.64407	1.29128	0.617255	1.06728
0.977218	4.72725	3.30968	2.35588
0.50676	0.883448	0.524248	-0.530138
0.0694989	0.09004	-0.381412	-0.257979
0.639782	1.27631	0.613946	1.34761
0.52471	0.929789	0.535557	0.118741
0.0230603	0.029163	-2.23584	0.162294
0.200945	0.280407	0.246435	0.603528
0.568325	1.0501	0.563601	1.17141
0.631747	1.24873	0.607854	0.804388
0.23574	0.336059	0.301227	-0.316234
0.0357195	0.0454663	-1.25479	-0.264024
0.345159	0.529204	0.414234	-0.805065
0.848703	2.36064	0.908601	-1.7064
0.823973	2.17139	0.844018	1.77333
0.307663	0.459603	0.381923	-0.642108
0.469484	0.792382	0.500768	1.12415
0.062275	0.0803731	-0.489196	0.356212
0.0465648	0.0596048	-0.837403	0.230149
0.0179664	0.0226623	-3.01962	0.181399
0.540618	0.972342	0.545661	-1.24709
0.612999	1.18666	0.59414	0.936096
0.147527	0.199517	0.119822	-0.540432
0.898678	2.86181	1.12695	-1.51859
0.768288	1.82783	0.744411	-0.374426
0.42855	0.699472	0.474337	0.786375
0.704919	1.52563	0.670085	1.27483
0.7786	1.88473	0.759605	1.58139
0.900466	2.88407	1.13861	0.81207
0.13111	0.175673	0.0622118	-0.525628
0.0604818	0.0779851	-0.519882	-0.0255062
0.781582	1.90168	0.764219	-1.67962
0.123253	0.164421	0.0295604	0.0359697
0.598622	1.14107	0.584028	1.33249
0.254674	0.367417	0.325789	-0.477157
0.714918	1.56873	0.680146	1.47325
0.430685	0.704152	0.475747	0.841387
0.293705	0.434653	0.36856	0.731149
0.99135	5.93779	7.87821	2.70736
0.745834	1.71221	0.714832	1.25041
0.718173	1.58308	0.68353	-1.11387
0.820487	2.14689	0.836219	-1.29379
0.0684164	0.0885867	-0.396134	0.373843
0.51673	0.908975	0.530521	-0.0476018
0.421661	0.684493	0.469759	-0.660478
0.628624	1.23818	0.605523	0.984291
0.435412	0.714574	0.478852	-0.468823
0.215143	0.302818	0.270589	-0.158096
0.905456	2.94836	1.17344	-2.06083
0.555224	1.01273	0.555051	-0.439127
0.576083	1.07277	0.568736	-0.0464168
0.792064	1.96316	0.78132	1.65281
0.995015	6.62656	13.2888	-2.25441
0.979407	4.8535	3.60711	-1.3027
0.263606	0.382488	0.336407	0.0310192
0.512525	0.898145	0.527874	-0.75036
0.0568572	0.0731719	-0.587749	-0.282777
0.760695	1.78752	0.733913	0.0215187
0.898254	2.85659	1.12424	1.07171
0.325086	0.491462	0.397514	0.86925
